序号,微博内容,发布时间,转发数,评论数,点赞数,设备源,微博ID
1,"
                                                                                                    //@国网江苏电力:转发微博                                            ", 2016-7-31 20:31,转发,评论,4,iPhone 6 Plus,E1qr1mkFF
2,"
                                                                                                    7月30日凌晨3：30，国网滨海县供电公司组织近200名管理和施工作业人员集结在头罾沿海工业园区，开始计划为期6天的园区电网综合检修工作。在夏季高温，沿海工业园区大部分企业避暑停产休息的间隙，他们周密筹划，精心部署，科学安排轮停检修计划，对沿海工业园区2座110千伏变电站、2条110千伏、17条20 ​​​​...展开全文c                                            ", 2016-7-31 10:45,3,评论,赞,iPhone 6 Plus,E1mBaeunZ
3,"
                                                                                                    转发微博                                            ", 2016-7-30 14:55,1,评论,4,iPhone 6 Plus,E1eO36WrE
4,"
                                                                                                    7月30日，国网东台市供电公司施工人员战高温，顶着烈日改造“中国茧都”--东台市富安镇10千伏富茧线，满足富安茧丝绸股份有限公司生产发展用电需求。@亮报 @国网江苏电力95598 @国网江苏电力 @电网头条 @盐城晚报的微博 ​​​​                                            ", 2016-7-30 11:22,3,评论,1,iPhone 6 Plus,E1dpAg8cO
5,"
                                                                                                    7月29日，国网东台市供电公司抢修人员迅速处理东台市西郊万陆1台区变压器下的400伏线路连接线桩头发热故障，保证40多户居民正常用电。@国网江苏电力 @国网江苏电力95598 @盐城晚报的微博 @电网头条 @亮报 ​​​​                                            ", 2016-7-29 15:52,3,评论,2,iPhone 6 Plus,E15KWe6WI
6,"
                                                                                                    //@国网江苏电力:                                            ", 2016-7-29 14:36,转发,评论,赞,iPhone 6 Plus,E15g2hmQg
7,"
                                                                                                    7月29日，国网东台市供电公司南沈灶供电所员工顶着炎炎的烈日，到农庄游泳馆进行安全用电检查，保证高温期间游泳馆安全用电。@国网江苏电力 @国网江苏电力95598 @电网头条 @盐城晚报的微博 @国家电网报 ​​​​                                            ", 2016-7-29 14:00,转发,评论,赞,iPhone 6 Plus,E151gdU6k
8,"
                                                                                                    7月28日下午7时左右，国网射阳县供电公司配电运检班工作人员在该县新城区射东居委会，新增10千伏新城线新五村配变。虽是傍晚，现场气温仍高达35度，工作人员的工作服很快就被汗水湿透了。@国网江苏电力 @盐城晚报的微博 @电网头条 @国网江苏电力95598 ​​​​                                            ", 2016-7-29 13:58,1,评论,赞,iPhone 6 Plus,E150Gatm3
9,"
                                                                                                    7月28日，国网东台市供电公司员工顶着炎炎烈日，到江苏磊达股份有限公司检查岸电桩的供电变配电装置及岸电桩的总控制配电箱的开关设备和10套3相岸电桩的电源接线桩头，保证高温期间停靠在码头的40多条运输船舶正常用电。@国网江苏电力 @国家电网报 @国网江苏电力95598 @亮报 @盐城晚报的微博 @电网头条 ​​​​                                            ", 2016-7-28 20:36,2,1,1,iPhone 6 Plus,E0YbwkI13
10,"
                                                                                                    7月28日凌晨4点，国网盐城供电公司员工正在35千伏湾南线39号塔对C相电缆终端头进行突击抢修。 27日下午3点12分，该公司线路运行人员在对重点设备进行红外测温时，发现35千伏湾南线39号塔C相电缆终端头发热，温度超过150摄氏度。这类缺陷应该立即停电处理，但考虑到当前正值高温，一旦停电，将给居民生 ​​​​...展开全文c                                            ", 2016-7-28 15:02,5,2,赞,iPhone 6 Plus,E0W06vQCt
11,"
                                                                                                    7月27日，国网东台市供电公司10多名施工人在摄氏37度高温天气下，改造东台市城南3组老居民区厢式变的出线电缆及400伏供电线路，保证计划拆迁的20多户居民盛夏高温期间用电可靠。@国网江苏电力 @盐城晚报的微博 @电网头条 ​​​​                                            ", 2016-7-28 14:57,2,评论,赞,iPhone 6 Plus,E0VXT6GCN
12,"
                                                                                                    7月28日，国网响水县供电公司施工人员在摄氏38度的高温下，对响水县10千伏三环线幸福小区2号变400伏低压主干线过桥发热进行处理。（曹军） @国网江苏电力 @电网头条 @盐城晚报的微博 ​​​​                                            ", 2016-7-28 14:48,转发,评论,赞,iPhone 6 Plus,E0VUjuEak
13,"
                                                                                                    7月28日清晨5点，国网盐城市大丰区供电公司6名变电检修人员正在110千伏鹏程变电站消除2号电容器缺陷，以保障夏季电网设备安全运行。（陈红兵）@盐城晚报的微博 @国网江苏电力 @国家电网报 @亮报 ​​​​                                            ", 2016-7-28 14:46,转发,评论,赞,iPhone 6 Plus,E0VTMFm0O
14,"
                                                                                                    7月28日12时，国网滨海县供电公司5名抢修人员冒着38度高温，抢修理10千伏丙纶线65号杆跳线熔断故障，第一时间恢复居民生产生活用电。（吴林）@亮报 @国家电网报 @国网江苏电力 @盐城晚报的微博 ​​​​                                            ", 2016-7-28 14:45,2,评论,赞,iPhone 6 Plus,E0VTkCgSY
15,"
                                                                                                    7月27日晚20时，国网射阳县供电公司配电运检班工作人员在该县经济开发区10千伏射东线新四村9号配变检测配变负荷状况。当晚，该公司组织了4个组在开发区和城区针对负荷较高的配变开展负荷实测，确保居民用电。@国网江苏电力 @国家电网报手机报 @国网江苏电力95598 @电网头条 @国家电网报 @亮报 ​​​​                                            ", 2016-7-27 21:16,4,评论,赞,iPhone 6 Plus,E0P1vfiaM
16,"
                                                                                                    转发微博                                            ", 2016-7-27 19:53,转发,评论,10,iPhone 6 Plus,E0Otx1nH3
17,"
                                                                                                    转发微博                                            ", 2016-7-27 19:52,转发,评论,4,iPhone 6 Plus,E0Ots35bh
18,"
                                                                                                    7月27日，带电作业人员在盐城市大丰区10千伏恒天线和10千伏南郊线带电搭接。当日，正值夏季酷暑，为不影响居民生活用电，当地供电部门采取带电作业确保所属供电用户保持不间断供电。带电作业人员屏蔽服内衣服全被全被汗水湿透。（束碧洪）@国网江苏电力 @盐城晚报的微博 @国网江苏电力95598  ​​​​...展开全文c                                            ", 2016-7-27 17:21,4,评论,赞,iPhone 6 Plus,E0NubtUbi
19,"
                                                                                                    7月26日18时58分，滨海县滨海港镇木楼村遭遇龙卷风袭击，造成35千伏八振线9支线杆不同程度受损，120导线断线一根。由于断线位于玉米地中间，道路不通所有物资全靠人员肩扛，步行两公里才能到抢修现场，目前国网滨海县供电公司正组织抢修。@盐城晚报的微博 @亮报 @电网头条 @国网江苏电力 @国家电网报 ​​​​                                            ", 2016-7-27 15:42,转发,评论,赞,iPhone 6 Plus,E0MPI9NdP
20,"
                                                                                                    7月27日，国网东台市供电公司施工人员战高温，迁移333省道路边的10千伏线路电杆，为333省道拓宽工程顺利施工提供保障。@国网江苏电力 @国网江苏电力95598 @国家电网报手机报 @电网头条 @亮报 @盐城晚报的微博 ​​​​                                            ", 2016-7-27 15:18,1,1,1,iPhone 6 Plus,E0MGbao7o
21,"
                                                                                                    #快速抢修送清凉#7月26日下午，国网盐城市大丰区供电公司抢修人员迅速出动，迅速排除大丰区新丰镇鼎丰村二组157#配电台区供电线路故障，及时给失电的60多户居民送去夏日的清凉。@国网江苏电力 @国网江苏电力95598 @国家电网报 @盐城晚报的微博 @电网头条 @亮报 @国家电网报手机报 ​​​​                                            ", 2016-7-27 09:31,4,1,赞,iPhone 6 Plus,E0Kp3iIi3
22,"
                                                                                                    7月26日，国网东台市供电公司变电站运维人员在摄氏37度高温闷热的天气下，对110千伏范公变电站进行巡视检查，发现问题及时制定出处理消缺处理方案，确保迎峰度夏变电设备安全运行。@国网江苏电力 @串场星空 @盐城晚报的微博 @国家电网报 @国网江苏电力95598 ​​​​                                            ", 2016-7-26 19:15,2,1,1,iPhone 6 Plus,E0ENH2e53
23,"
                                                                                                    转发微博                                            ", 2016-7-26 14:27,转发,评论,3,iPhone 6 Plus,E0CUPxeqG
24,"
                                                                                                    //@国网江苏电力:转发微博                                            ", 2016-7-26 14:26,转发,评论,5,iPhone 6 Plus,E0CUB2Gnh
25,"
                                                                                                    7月25日，国网滨海县供电公司运维人员在用电负荷高峰期对变电站设备和线路进行红外测温。@国网江苏电力 @盐城晚报的微博 @亮报 @串场星空 ​​​​                                            ", 2016-7-26 11:12,转发,评论,赞,iPhone 6 Plus,E0BDL03V0
26,"
                                                                                                    7月25日，国网响水县供电公司党员服务队未雨绸缪冒着酷暑在高达40多度的防汛节制闸泵房内对电机等用电设备进行检查，对排涝站用电变压器红外测温，确保防汛排涝站、节制闸等水利设施在旱涝急转等特殊气候情况下的正常用电。@国网江苏电力 @盐城晚报的微博 @电网头条 @亮报 ​​​​                                            ", 2016-7-26 11:10,转发,评论,赞,iPhone 6 Plus,E0BCSCldM
27,"
                                                                                                    7月26日，国网东台市供电公司抢修人员战高温，将市区北关农贸市场原400千伏安的厢式变压器更换成630千伏安，保证农贸市场内新增的冰柜、空调及时启用。@国网江苏电力 @盐城晚报的微博 @电网头条 @盐城潮生活 @串场星空 ​​​​                                            ", 2016-7-26 11:08,2,评论,1,iPhone 6 Plus,E0BBYwIzO
28,"
                                                                                                    7月25日，国网东台市供电公司员工来到东台境内通榆河畔连申线水上服务区安全检查岸电桩控制配电箱，同时帮助检查船用电气箱和用电设备，向船民讲解船舶安全用电知识, 保证高温期间港口岸电安全正常使用。@国家电网报手机报 @电网头条 @国网江苏电力 @盐城晚报的微博 @国家电网报 @串场星空 ​​​​                                            ", 2016-7-26 08:29,2,评论,赞,iPhone 6 Plus,E0AzJgbK4
29,"
                                                                                                    7月26日凌晨5时，国网射阳县供电公司两组施工队伍分别在该县县城为民路、开发区新四村紧张工作，新增为民4号配变、新四村9号配变。为尽可能减少停电对周边居民生活的影响，他们在凌晨4时即开始工作。@国网江苏电力 @盐城晚报的微博 @电网头条 @江苏卫视 @盐城人不知道的盐城事儿 @盐城潮生活  ​​​​...展开全文c                                            ", 2016-7-26 08:27,转发,评论,赞,iPhone 6 Plus,E0AyTAcsn
30,"
                                                                                                    【扩容设备保供电】继7月23日最高负荷与日电量双双超历史，7月24日，盐城电网日供电量再创新高，达到10264.5万千瓦时。人们在享受空调清凉的背后，蕴含着供电员工辛勤的汗水。7月25日，电力员工在位于盐城市经济技术开发区境内的110千伏河东变电所对新建的变压器进行调试。110千伏河东变电所坐落在盐城 ​​​​...展开全文c                                            ", 2016-7-25 19:22,转发,评论,2,iPhone 6 Plus,E0vq2eeaw
31,"
                                                                                                    7月25日下午，国网射阳县供电公司配电检修班工作人员在该县县城康平路10千伏南郊县康平路1号配变更换低压开关和出线电缆。@亮报 @电网头条 @国家电网报 @盐城晚报的微博 @国网江苏电力 ​​​​                                            ", 2016-7-25 18:51,2,评论,1,iPhone 6 Plus,E0vdyofDb
32,"
                                                                                                    7月25日下午，国网射阳县供电公司海河供电所员工在海河镇三组三星21号配变变调试总表，该变压器是为满足猛增的用电需求，在当日上午新增的。@国网江苏电力 @盐城晚报的微博 @国家电网报 @电网头条 @亮报 ​​​​                                            ", 2016-7-25 17:08,转发,评论,2,iPhone 6 Plus,E0uxU2ZGx
33,"
                                                                                                    7月25日12时左右，滨海县人民支路公路管理站公用变开关刀闸因过负荷烧毁，国网滨海县供电公司抢修队员立即奔赴现场突击抢修更换，确保市民高温清凉用电。@国网江苏电力 @国网江苏电力 @盐城晚报的微博 @国家电网报手机报 ​​​​                                            ", 2016-7-25 15:24,1,评论,赞,iPhone 6 Plus,E0tRzw9XL
34,"
                                                                                                    转发微博                                            ", 2016-7-25 14:16,转发,评论,9,iPhone 6 Plus,E0tpMsBty
35,"
                                                                                                    7月25日，国网盐城市大丰区供电公司施工人员正在大中镇阜丰九组更换低压绝缘导线，提高供电可靠性，保证居民凉爽过夏。@电网头条 @盐城晚报的微博 @国网江苏电力 @国家电网报 ​​​​                                            ", 2016-7-25 11:23,转发,评论,赞,iPhone 6 Plus,E0shMz3Bi
36,"
                                                                                                    转发微博                                            ", 2016-7-25 11:16,转发,评论,3,iPhone 6 Plus,E0seGdRVa
37,"
                                                                                                    转发微博                                            ", 2016-7-25 11:15,转发,评论,2,iPhone 6 Plus,E0seDy3ph
38,"
                                                                                                    //@国网江苏电力:转发微博                                            ", 2016-7-25 11:15,转发,评论,赞,iPhone 6 Plus,E0seBs5Bc
39,"
                                                                                                    //@国网江苏电力:转发微博                                            ", 2016-7-25 11:15,转发,评论,2,iPhone 6 Plus,E0seye8a5
40,"
                                                                                                    7月25日凌晨1时左右，国网盐城供电公司运维检修人员利用负荷低谷时段，处理35千伏北蒋变电站1号主变套管桩头发热缺陷。@国网江苏电力 @国家电网报手机报 @国家电网报 @电网头条 @盐城晚报的微博 @亮报 @串场星空 @盐城人不知道的盐城事儿 @江苏卫视 ​​​​                                            ", 2016-7-25 06:37,2,2,1,iPhone 6 Plus,E0qpO6X4E
41,"
                                                                                                    7月24日下午，国网东台市供电公司抢修人员战高温，突击抢修更换金北1台区变压器低压控制开关，确保居民高温期间正常用电。@国网江苏电力95598 @亮报 @盐城晚报的微博 @电网头条 @国家电网报 @国网江苏电力 @国家电网报手机报 ​​​​                                            ", 2016-7-24 19:23,5,评论,1,iPhone 6 Plus,E0m05FCSv
42,"
                                                                                                    转发微博                                            ", 2016-7-24 17:31,转发,评论,赞,iPhone 6 Plus,E0lgCpdQm
43,"
                                                                                                    #高温下的坚守# 7月24日下午1时左右，射阳县县城为民路10千伏市北线为民1号配变因过负荷烧毁，国网射阳县供电公司配网检修班工作人员第一时间冒着38摄氏度的高温紧急抢修。@国网江苏电力 @亮报 @电网头条 @国家电网报 ​​​​                                            ", 2016-7-24 16:32,3,1,2,iPhone 6s,E0kSMCsN7
44,"
                                                                                                    7月24日上午，国网东台市供电公司施工人员战高温，突击为东台市许河镇四联村新增的9台区变压器架设10千伏供电线路，让村民们尽早用上舒心电。@国网江苏电力 @串场星空 @国家电网报 @电网头条 @盐城晚报的微博 @亮报 @国网江苏电力95598 ​​​​                                            ", 2016-7-24 14:52,3,1,1,iPhone 6 Plus,E0kdPtQpO
45,"
                                                                                                    7月24日上午，国网阜宁县供电公司陈良供电所员工冒着37摄氏度高温来到该镇丹平村灾民安置点，检查配电设备、帮助安置点建设单位排除故障隐患，确保即将入住的85户受灾村民盛夏高温期间用电无忧。@国网江苏电力 @串场星空 @国家电网报 @盐城晚报的微博 @电网头条 @盐城人不知道的盐城事儿 @亮报  ​​​​...展开全文c                                            ", 2016-7-24 11:41,转发,评论,1,iPhone 6 Plus,E0iYzfGM3
46,"
                                                                                                    7月23日，盐城市日供电量达10224万千瓦时，最高负荷达508.0万千瓦，双双突破历史记录！供电员工战高温，奋战在一线。当日，国网东台市供电公司施工人员改造更换许河镇许西8台区变压器的控制柜及进出线电缆，保证50多户居民及10多家养禽户盛夏高温用电无忧。@亮报 @电网头条 @盐城晚报的微博  ​​​​...展开全文c                                            ", 2016-7-24 10:47,转发,评论,赞,iPhone 6 Plus,E0iCwB1JV
47,"
                                                                                                    7月24日上午，国网盐城供电公司射阳运维站员工冒着34摄氏度的高温，在110千伏射阳变电站巡视检查主变压器温度和风冷设备运行情况。@国网江苏电力 @国家电网报手机报 @盐城人不知道的盐城事儿 @盐城晚报的微博 @电网头条 @亮报 ​​​​                                            ", 2016-7-24 10:41,2,评论,赞,iPhone 6 Plus,E0iA5hHkl
48,"
                                                                                                    7月24日，国网滨海县供电公司配电运维人员冒着38摄氏度高温，在县城银厦广场开展配变增容作业，新上一台400千伏安配变，满足市民用电。@国网江苏电力95598 @国家电网报 @串场星空 @亮报 @盐城晚报的微博 @国网江苏电力 @电网头条 @国家电网报 @盐城人不知道的盐城事儿 @国家电网报手机报 ​​​​                                            ", 2016-7-24 09:18,4,1,赞,iPhone 6 Plus,E0i2viuLr
49,"
                                                                                                    【气温持续“高烤” 负荷屡创新高】江苏进入“烧烤”模式，电网负荷持续攀升。7月23日21:46，盐城电网调度负荷达507.99万千瓦，刷新历史最高负荷！高温期间，请商厦、办公楼等空调尽可能调至26℃以上，或轮流开启；禁止建筑生产单位等在高压输电线路走廊下堆放物品；线路周边的彩钢板、塑料薄膜等需采 ​​​​...展开全文c                                            ", 2016-7-23 22:12,5,评论,2,iPhone 6 Plus,E0dFYeZZ0
50,"
                                                                                                    7月23日，国网建湖县供电公司员工正在110千伏站前变电站进行巡视测温，保障居民用好电清凉度夏。@亮报 @盐城晚报的微博 @电网头条 @国网江苏电力 @国家电网报 @国家电网报手机报 @盐城人不知道的盐城事儿 @串场星空 　　 ​​​​                                            ", 2016-7-23 20:05,4,评论,2,iPhone 6 Plus,E0cQEq10e
51,"
                                                                                                    7月23日下午，国网东台市供电公司城区抢修人员快速为市区中保新村居民用户处理间断性的低电压问题，保证70多户居民盛夏用上满意电。@国家电网报 @国网江苏电力 @电网头条 @盐城晚报的微博 @亮报 ​​​​                                            ", 2016-7-23 20:04,1,评论,1,iPhone 6 Plus,E0cQ2hh2i
52,"
                                                                                                    【烈日下的守护】7月23日，国网盐城市大丰区供电公司2名运维人员正在110千伏大丰变电所测温。连日的气温的不断攀高，该公司组织技术人员，加大供电设备红外线测温、巡视次数，确保电网安全可靠供电。@亮报 @国网江苏电力 @盐城晚报的微博 @盐城人不知道的盐城事儿 @国家电网报 @国家电网报手机报 ​​​​                                            ", 2016-7-23 11:44,3,3,2,iPhone 6 Plus,E09znDVSp
53,"
                                                                                                    7月23日，国网东台市供电公司施工人员冒着室外38度的高温，在炎炎的烈日下突击改造东台市弶港镇黄港2台区变压器下的400伏线路，提高该台区下的居民供电质量，让黄港社区居民盛夏高温用上满意电。@国家电网报手机报 @国网江苏电力 @国家电网报 @盐城人不知道的盐城事儿 @盐城晚报的微博 @亮报 ​​​​                                            ", 2016-7-23 11:42,2,评论,1,iPhone 6 Plus,E09yjsyF4
54,"
                                                                                                    【高温来袭，经济复苏  供电负荷超历史，日供电量过亿千瓦时】继21日盐城电网调度负荷创出年内新高达到474.4万千瓦后，7月22日21时34分，调度最高负荷突破历史记录（477.3万千瓦），达到503.635万千瓦，同比去年最高负荷（448.9万千瓦）增长12.19%。当日全市供电电量达到10025.9万千瓦时，刷新年度最 ​​​​...展开全文c                                            ", 2016-7-23 10:08,转发,评论,赞,iPhone 6 Plus,E08W8iYDv
55,"
                                                                                                    //@国网江苏电力:转发微博                                            ", 2016-7-22 21:29,转发,评论,赞,iPhone 6 Plus,E03Ye1RkP
56,"
                                                                                                    转发微博                                            ", 2016-7-22 21:29,转发,评论,4,iPhone 6 Plus,E03Ycgijn
57,"
                                                                                                    转发微博                                            ", 2016-7-22 21:29,转发,评论,3,iPhone 6 Plus,E03Yab8Qf
58,"
                                                                                                    //@国网江苏电力:转发微博                                            ", 2016-7-22 21:29,转发,评论,赞,iPhone 6 Plus,E03Y8ps1A
59,"
                                                                                                    转发微博                                            ", 2016-7-22 21:29,转发,评论,5,iPhone 6 Plus,E03Y6lce8
60,"
                                                                                                    转发微博                                            ", 2016-7-22 21:29,转发,评论,5,iPhone 6 Plus,E03Y37Qn5
61,"
                                                                                                    //@国网江苏电力:遇到用电问题，请拨打电话95598哦                                            ", 2016-7-22 21:29,转发,评论,1,iPhone 6 Plus,E03XYCWQ5
62,"
                                                                                                    #高温下的坚守# 7月22日上午10时左右，室外气温32摄氏度，在110千伏射北变电站2号主变扩建工程现场，工作负责人正指挥变压器油枕吊装就位。与此同时，来自射阳运维站变电检修班、二次系统检修班、高压试验班、110千伏城北运维班的工作人员也在汗流浃背地紧张忙碌。@国网江苏电力 @亮报 @电网头条  ​​​​...展开全文c                                            ", 2016-7-22 16:23,转发,评论,赞,iPhone 6s,E01Y3j0K1
63,"
                                                                                                    #高温下的坚守# 7月22日，国网东台市供电公司施工人员在炎炎的烈日下，突击安装时堰镇茂富村5台区变压器新增的出线电缆，保证居民盛夏高温用上满意电。@电网头条 @国家电网报 @亮报 @国网江苏电力 ​​​​                                            ", 2016-7-22 15:58,3,评论,赞,iPhone 6s,E01O04RTe
64,"
                                                                                                    //@国网江苏电力:转发微博                                            ", 2016-7-22 14:53,转发,评论,5,iPhone 6 Plus,E01nz0eA1
65,"
                                                                                                    转发微博                                            ", 2016-7-22 14:53,转发,评论,1,iPhone 6 Plus,E01nvr5SY
66,"
                                                                                                    转发微博                                            ", 2016-7-22 14:53,转发,评论,2,iPhone 6 Plus,E01nse2tA
67,"
                                                                                                    转发微博                                            ", 2016-7-22 14:53,转发,评论,3,iPhone 6 Plus,E01nol4ZH
68,"
                                                                                                    转发微博                                            ", 2016-7-22 14:53,转发,评论,2,iPhone 6 Plus,E01nlnFzP
69,"
                                                                                                    //@国网江苏电力:转发微博                                            ", 2016-7-22 10:15,转发,评论,1,iPhone 6 Plus,DFX0PCXkD
70,"
                                                                                                    //@国网江苏电力://@国家电网:各位电动车粉们注意啦，温馨提示电动汽车用户在夏季汛期对充电设施使用的注意事项                                            ", 2016-7-21 22:24,转发,评论,3,iPhone 6 Plus,DFSmo8ddt
71,"
                                                                                                    //@国网江苏电力:转发微博                                            ", 2016-7-21 22:24,转发,评论,1,iPhone 6 Plus,DFSmjFFa3
72,"
                                                                                                    转发微博                                            ", 2016-7-21 22:24,转发,评论,2,iPhone 6 Plus,DFSmclTgA
73,"
                                                                                                    【响水供电“零距离”服务大棚种植户用电】7月20日，国网响水县供电公司党员服务队深入田间地头“零距离”服务、指导蔬菜大棚种植户科学用电，对菜农开展安全用电知识宣传，现场为菜农讲解蔬菜大棚用电安全事项，消除用电隐患，为菜农用电排忧解难，服务菜农致富。@国网江苏电力 @亮报 @国家电网报  ​​​​...展开全文c                                            ", 2016-7-21 18:55,转发,评论,赞,iPhone 6s,DFQZlmtus
74,"
                                                                                                    #高温下的坚守# 7月21日下午，国网建湖县供电公司10多人的抢修队伍冒高温紧急更换沿河镇沿河中路因超负荷烧坏的集中表箱，保障居民高温用电。@电网头条 @国家电网报 @亮报 @国网江苏电力 ​​​​                                            ", 2016-7-21 18:47,6,评论,1,iPhone 6s,DFQWaB0Xa
75,"
                                                                                                    //@国网江苏电力:丹阳全市最高用电负荷再次创历史新高！@国网江苏电力95598 @亮报                                            ", 2016-7-21 17:05,转发,评论,赞,iPhone 6 Plus,DFQgG2Rnb
76,"
                                                                                                    //@国网江苏电力:转发微博                                            ", 2016-7-21 17:04,转发,评论,7,iPhone 6 Plus,DFQgEhMUJ
77,"
                                                                                                    //@国网江苏电力:转发微博                                            ", 2016-7-21 17:04,转发,评论,赞,iPhone 6 Plus,DFQgBkihl
78,"
                                                                                                    //@国网江苏电力:苏州地区调度负荷首次突破2200万整数关，达2226.67万千瓦，创历史新高，吴江、昆山、太仓、常熟电网均同步创出历史新高。                                            ", 2016-7-21 17:04,转发,评论,40,iPhone 6 Plus,DFQgzvNKM
79,"
                                                                                                    //@国网江苏电力:转发微博                                            ", 2016-7-21 17:04,转发,评论,4,iPhone 6 Plus,DFQgwAapW
80,"
                                                                                                    //@国网江苏电力:转发微博                                            ", 2016-7-21 17:04,转发,评论,1,iPhone 6 Plus,DFQgux3US
81,"
                                                                                                    //@国网江苏电力:太仓电网调度负荷达158.74万千瓦，再创历史新高。                                            ", 2016-7-21 17:04,转发,评论,3,iPhone 6 Plus,DFQgrvVSS
82,"
                                                                                                    //@国网江苏电力:转发微博                                            ", 2016-7-21 17:04,转发,评论,1,iPhone 6 Plus,DFQgpvkob
83,"
                                                                                                    //@国网江苏电力:38度的高温下，身穿5公斤重的绝缘服……多管齐下的保障电网安全，电网人只为确保全区居民过上一个“清凉”的夏天                                            ", 2016-7-21 14:19,转发,评论,1,iPhone 6 Plus,DFPbCteMI
84,"
                                                                                                    //@国网江苏电力:转发微博                                            ", 2016-7-21 14:19,转发,评论,赞,iPhone 6 Plus,DFPbvmB1K
85,"
                                                                                                    //@国网江苏电力://@南通供电:高温 对应的是用电高峰，请市民朋友们莫要贪“凉”，空调设定在合适的温度，遇到问题可随时拨打供电服务热线95598（南通市区直接拨85928592）@国网江苏电力                                            ", 2016-7-21 14:19,转发,评论,9,iPhone 6 Plus,DFPbt1RXf
86,"
                                                                                                    //@国网江苏电力:                                            ", 2016-7-21 14:19,转发,评论,54,iPhone 6 Plus,DFPbnpaKl
87,"
                                                                                                    //@国网江苏电力:转发微博                                            ", 2016-7-21 14:19,转发,评论,1,iPhone 6 Plus,DFPbhts6W
88,"
                                                                                                    //@国网江苏电力:转发微博                                            ", 2016-7-21 14:18,转发,评论,赞,iPhone 6 Plus,DFPbfpfcT
89,"
                                                                                                    #高温下的坚守#图为 7月20日，国网盐城市大丰区供电公司变电检修人员冒着34度高温在35千伏城西变电站内对1号主变开关进行停电检修。@国网江苏电力 @电网头条 @国家电网报 @亮报 ​​​​                                            ", 2016-7-20 13:18,转发,评论,2,iPhone 6s,DFFm8EvRQ
90,"
                                                                                                    #高温下的坚守#  7月19日，阜宁县供电公司集中组织力量对前阶段受龙卷风灾害较重的硕集镇电力设施进行全面回头看，运行维护人员冒着35摄氏度高温逐个台变、逐条线路排查安全隐患，满足迎峰度夏期间灾区各界对用电的需求。@国网江苏电力 @电网头条 @亮报 @国家电网报 ​​​​                                            ", 2016-7-20 07:14,转发,评论,赞,iPhone 6s,DFCYFdTxz
91,"
                                                                                                    【响水供电排查农灌设施确保可靠供电】7月19日，国网响水县供电公司组织党员服务队深入农村电灌站、排涝站等现场，全面检查防汛、排涝用电设备，查找、排除用电隐患，确保汛期来临农灌、排涝设施安全可靠用电。@国网江苏电力 @电网头条 @亮报 @国家电网报 ​​​​                                            ", 2016-7-19 18:56,转发,评论,赞,iPhone 6s,DFy8Kelh6
92,"
                                                                                                    7月19日，国网东台市供电公司三仓供电所员工到当地生态大棚种植基地进行安全用电检查，了解高温用电需求，保证大棚种植盛夏高温用电无忧。@国网江苏电力 @电网头条 @国家电网报 @亮报 ​​​​                                            ", 2016-7-19 17:06,2,评论,1,iPhone 6s,DFxqcguLg
93,"
                                                                                                    【阜宁供电超前服务灾后家园重建】自6月28日，阜宁电网6.23龙卷风灾害全部恢复供电后，当地供电公司超前跟进政府对重建家园的服务，坚持重在恢复重建、兼顾规划发展为原则，对重点区域设立客户经理进行对接，确保满足每一个新建安置点和每一户返家居住灾民的用电需求。@国网江苏电力 @电网头条 @亮报  ​​​​...展开全文c                                            ", 2016-7-19 17:04,转发,评论,赞,iPhone 6s,DFxpqlI0o
94,"
                                                                                                    #高温下的坚守# 连日来，国网盐城市大丰区供电公司施工人员冒着高温来到大中镇朝荣村，对10千伏裕东线路进行绝缘化改造，确保迎峰度夏可靠供电。图为7月19日，施工人员正在更换绝缘导线。@国网江苏电力 @电网头条 @亮报 @国家电网报 ​​​​                                            ", 2016-7-19 17:03,转发,评论,赞,iPhone 6s,DFxoXo7GR
95,"
                                                                                                    转发微博                                            ", 2016-7-19 10:52,转发,评论,赞,iPhone 6 Plus,DFuYiBE7M
96,"
                                                                                                    //@国网江苏电力:四年磨一剑，试锋在里约！中国队加油！                                            ", 2016-7-18 18:20,转发,评论,844,iPhone 6 Plus,DFotL4tEO
97,"
                                                                                                    //@国网江苏电力:迎战高温                                            ", 2016-7-18 17:20,转发,评论,赞,iPhone 6 Plus,DFo5oeYZr
98,"
                                                                                                    //@国网江苏电力:转发微博                                            ", 2016-7-18 17:20,转发,评论,1,iPhone 6 Plus,DFo5msi5O
99,"
                                                                                                    //@国网江苏电力:增强用电安全的自我保护意识，让孩子们能安全度假                                            ", 2016-7-18 17:20,转发,评论,赞,iPhone 6 Plus,DFo5kl8Yi
100,"
                                                                                                    #高温下的坚守# 7月18日，国网东台市供电公司施工人员在炎炎的烈日下更换安装市区10千伏何垛线断路开关，保证盛夏电网安全运行。@国网江苏电力 @电网头条 @国家电网报 @亮报 ​​​​                                            ", 2016-7-18 11:31,6,评论,赞,iPhone 6s,DFlNKbwg4
101,"
                                                                                                    转发微博                                            ", 2016-7-17 20:48,转发,评论,4,iPhone 6 Plus,DFg1vuf3y
102,"
                                                                                                    //@国网江苏电力:转发微博                                            ", 2016-7-17 20:48,转发,评论,赞,iPhone 6 Plus,DFg1kjZ4a
103,"
                                                                                                    #高温下的坚守# 图为7月16日，国网东台市供电公司施工人员在闷热的高温下，改造东台镇盈西村4台区变压器控制柜及出线电缆，保证该村居民盛夏用电无忧。@国网江苏电力 @电网头条 @国家电网报 @亮报 ​​​​                                            ", 2016-7-17 08:09,6,评论,1,iPhone 6s,DFb3lhSEi
104,"
                                                                                                    //@国网江苏电力:转发微博                                            ", 2016-7-16 17:09,转发,评论,2,iPhone 6 Plus,DF5a5EgQd
105,"
                                                                                                    //@国网江苏电力:转发微博                                            ", 2016-7-16 15:57,转发,评论,5,iPhone 6 Plus,DF4GSlCmd
106,"
                                                                                                    //@国网江苏电力:雷雨天，一定要注意安全！请远离高压线和变电设备避雨哦//@江苏气象:南京江宁到城区一带目前正在遭遇红色降水回波，雨势比较强，室外的朋友请找合适的地方躲避，一定注意安全。                                            ", 2016-7-15 17:21,转发,评论,3,iPhone 6 Plus,DEVOpiBxT
107,"
                                                                                                    //@国网江苏电力:转发微博                                            ", 2016-7-15 17:21,转发,评论,赞,iPhone 6 Plus,DEVOmB5b6
108,"
                                                                                                    //@国网江苏电力:转发微博                                            ", 2016-7-15 17:21,转发,评论,2,iPhone 6 Plus,DEVOkwVJZ
109,"
                                                                                                    //@国网江苏电力:普及安全用电常识要从小做起！                                            ", 2016-7-15 17:21,转发,评论,1,iPhone 6 Plus,DEVOgoCz2
110,"
                                                                                                    //@国网江苏电力:从自身做起，从小事做起                                            ", 2016-7-15 17:21,转发,评论,赞,iPhone 6 Plus,DEVOdrcNn
111,"
                                                                                                    7月14日，国网盐城市大丰区供电公司迁移35千伏海滩线3基杆塔，确保盐徐高速大丰港出口道路施工建设。@国网江苏电力 @电网头条 @亮报 @国家电网报 ​​​​                                            ", 2016-7-14 23:17,2,评论,赞,iPhone 6s,DEOIu9Cnv
112,"
                                                                                                    //@国网江苏电力:恭喜@我的名字是个小太阳 @嘉嘉11猫 @凡修罗 等8名用户获得奖品【50元电费卡】。微博官方抽奖工具@微博抽奖平台 对本次抽奖进行监督，结果公正有效。公证链接：O微博抽奖平台                                            ", 2016-7-14 17:38,转发,评论,3,iPhone 6 Plus,DEMuFqaVv
113,"
                                                                                                    //@国网江苏电力:恭喜@sourlemon66 @凡心王 2名用户获得奖品【50元电费卡】。微博官方抽奖工具@微博抽奖平台 对本次抽奖进行监督，结果公正有效。公证链接：O微博抽奖平台                                            ", 2016-7-14 17:38,转发,评论,3,iPhone 6 Plus,DEMuD4r0V
114,"
                                                                                                    转发微博                                            ", 2016-7-14 17:38,转发,评论,赞,iPhone 6 Plus,DEMuzcE4u
115,"
                                                                                                    //@国网江苏电力:转发微博                                            ", 2016-7-14 17:37,转发,评论,赞,iPhone 6 Plus,DEMuxseyG
116,"
                                                                                                    7月14，国网盐城市大丰区供电公司110千伏隆盛变新扩建的2号主变进入安装阶段，本期新扩建一台5兆伏安主变，10千伏出线14回，预计9月份正式投运。@国网江苏电力 @电网头条 @国家电网报 @亮报 ​​​​                                            ", 2016-7-14 13:01,2,1,赞,iPhone 6s,DEKGs5dvD
117,"
                                                                                                    //@国网江苏电力:风雨中，电力人一直坚守。加油！                                            ", 2016-7-14 11:16,转发,评论,10,iPhone 6 Plus,DEJZCt7iI
118,"
                                                                                                    转发微博                                            ", 2016-7-14 11:15,转发,评论,4,iPhone 6 Plus,DEJZudINC
119,"
                                                                                                    @国网江苏电力                                            ", 2016-7-13 21:50,转发,评论,3,iPhone 6s,DEEIGltKB
120,"
                                                                                                    //@国网江苏电力:转发微博                                            ", 2016-7-13 19:55,转发,评论,赞,iPhone 6 Plus,DEDXPEugy
121,"
                                                                                                    //@国网江苏电力:转发微博                                            ", 2016-7-13 09:37,转发,评论,赞,iPhone 6 Plus,DEzUXgTme
122,"
                                                                                                    //@国网江苏电力:#电力快讯# 不惧洪水威胁，奋战抢险一线                                            ", 2016-7-13 09:37,转发,评论,赞,iPhone 6 Plus,DEzUUjp0J
123,"
                                                                                                    转发微博                                            ", 2016-7-13 09:37,转发,评论,2,iPhone 6 Plus,DEzURlSHd
124,"
                                                                                                    //@国网江苏电力:能抢一天，不拖一秒                                            ", 2016-7-13 09:36,转发,评论,33,iPhone 6 Plus,DEzUNcZjT
125,"
                                                                                                    转发微博                                            ", 2016-7-13 09:36,转发,评论,1,iPhone 6 Plus,DEzUL9cL3
126,"
                                                                                                    //@国网江苏电力:转发微博                                            ", 2016-7-12 15:25,转发,评论,赞,iPhone 6 Plus,DEsLXycCF
127,"
                                                                                                    //@国网江苏电力:转发微博                                            ", 2016-7-12 14:07,转发,评论,赞,iPhone 6 Plus,DEsgfmwFS
128,"
                                                                                                    【东台供电冒雨巡检变电防汛设施，保证设备安全运行】7月11日，国网东台市供电公司变电站运维人员冒雨巡视检查110千伏海堰变电站的排水泵和控制设备运行是否正常，拧紧防洪挡板墙的固定罗丝，确保防汛设施安全、可靠运行。@国网江苏电力 @电网头条 @亮报 @国家电网报 @国家电网 @国家电网杂志  ​​​​...展开全文c                                            ", 2016-7-11 13:24,转发,评论,1,iPhone 6s,DEiyaaiMm
129,"
                                                                                                    //@国网江苏电力:转发微博                                            ", 2016-7-10 17:13,转发,评论,20,iPhone 6 Plus,DEaCt7Bmb
130,"
                                                                                                    转发微博                                            ", 2016-7-10 17:13,转发,评论,3,iPhone 6 Plus,DEaCrlrEb
131,"
                                                                                                    #政企合力突击清树碍#7月9日，盐城市大丰区组织水利、供电等部门开展联合行动，对危及35千伏洋白线安全200多棵树木集中清碍，确保一号台风过境安全供电。@国网江苏电力 @电网头条 @亮报 @国家电网报 ​​​​                                            ", 2016-7-10 11:55,7,评论,赞,iPhone 6s,DE8xzeWmX
132,"
                                                                                                    //@国网江苏电力:转发微博                                            ", 2016-7-10 11:40,转发,评论,44,iPhone 6 Plus,DE8rozbDI
133,"
                                                                                                    //@国网江苏电力:转发微博                                            ", 2016-7-10 11:40,转发,评论,赞,iPhone 6 Plus,DE8rll7Yn
134,"
                                                                                                    //@国网江苏电力:转发微博                                            ", 2016-7-10 11:40,转发,评论,23,iPhone 6 Plus,DE8rinyPG
135,"
                                                                                                    //@国网江苏电力:转发微博                                            ", 2016-7-10 11:39,转发,评论,赞,iPhone 6 Plus,DE8rgi4MO
136,"
                                                                                                    //@国网江苏电力://@宜兴供电蜜蜂行动:【第一视角记录江苏宜兴抗洪保电】责任的含义就是快一点，再快一点；所谓的“敬业”，就是做好自己份内的事情；最美的不是雨后彩虹，是他们的笑脸；真正的幸福，是最爱的人，为你骄傲                                            ", 2016-7-9 14:07,转发,评论,赞,iPhone 6 Plus,DDZYCwOYE
137,"
                                                                                                    //@国网江苏电力:转发微博                                            ", 2016-7-9 11:21,转发,评论,15,iPhone 6 Plus,DDYTojpTV
138,"
                                                                                                    转发微博                                            ", 2016-7-9 08:32,转发,评论,赞,iPhone 6s,DDXMA0uJP
139,"
                                                                                                    转发微博                                            ", 2016-7-9 08:32,转发,评论,2,iPhone 6s,DDXMxCadz
140,"
                                                                                                    转发微博                                            ", 2016-7-9 08:31,转发,评论,1,iPhone 6s,DDXMbcXs5
141,"
                                                                                                    【大学生暑期向东台市民宣传用电知识】7月8日，江苏南京信息工程大学“绣行天下”暑期社会实践小分队到“发绣故里”东台市区金墩社区广场向市民们宣传安全用电、节约用电、智能用电、环境保护等绿色节能环保知识，并推广厨房电气化及家庭光伏发电，倡导低碳环保的新生活，为营造全社会节能低碳生活的良 ​​​​...展开全文c                                            ", 2016-7-9 08:30,转发,评论,赞,iPhone 6s,DDXLLsADT
142,"
                                                                                                    7月8日，国网盐城市大丰区供电公司利用当前晴好天气更换110千伏通商变电容器刀闸，保障汛期电网安全运行。@国网江苏电力 @电网头条 @亮报 @国家电网报 ​​​​                                            ", 2016-7-8 16:38,转发,评论,赞,iPhone 6s,DDRxl0B9n
143,"
                                                                                                    //@国网江苏电力:转发微博                                            ", 2016-7-8 16:18,转发,评论,赞,iPhone 6 Plus,DDRpjnjke
144,"
                                                                                                    //@国网江苏电力:做好应急准备，遇到问题，大家可以随时拨打抢修电话！@南京发布 @电网头条                                            ", 2016-7-8 16:01,转发,评论,2,iPhone 6 Plus,DDRidCBDr
145,"
                                                                                                    转发微博                                            ", 2016-7-8 16:00,转发,评论,3,iPhone 6 Plus,DDRibkVKL
146,"
                                                                                                    //@国网江苏电力:转发微博                                            ", 2016-7-8 12:52,2,1,1,iPhone 6s,DDQ3DFdqh
147,"
                                                                                                    //@国网江苏电力:为幕后英雄点赞@亮报 @电网头条 @国家电网                                            ", 2016-7-8 12:52,转发,评论,1,iPhone 6s,DDQ3Bjrcr
148,"
                                                                                                    【东台供电大汛服务企业岸电船用】 7月8日，国网东台市供电公司组织施工人员为江苏磊达股份有限公司突击安装船用充电桩及总控制柜，保证大汛期间停靠码头的运输船舶尽快用上岸电。@国网江苏电力 @电网头条 @亮报 @国家电网报 ​​​​                                            ", 2016-7-8 12:52,转发,评论,赞,iPhone 6s,DDQ3w0WQ1
149,"
                                                                                                    【雨季路滑卡车撞杆 供电提醒小心驾驶】7月7日上午7时30分左右，射阳县城模范路，一辆由北向南行驶的卡车因雨季道路湿滑导致方向失衡，撞上路边的10千伏新城线18-1号电杆，造成该基电杆根部断裂。电力抢修人员及时更换了该电杆。近期雨水较多，道路湿滑，供电公司提醒驾驶员朋友们小心驾驶，确保平安。 ​​​​...展开全文c                                            ", 2016-7-8 09:12,4,评论,赞,iPhone 6s,DDOCzgtlj
150,"
                                                                                                    //@国网江苏电力:#防汛保电# 暴雨虽停，抢修仍在继续                                            ", 2016-7-7 20:36,转发,评论,赞,iPhone 6 Plus,DDJFs3Pn1
151,"
                                                                                                    //@国网江苏电力:#安全度汛# 众志成城 防大汛 抗大洪                                            ", 2016-7-7 16:26,转发,评论,5,iPhone 6 Plus,DDI1Y9QMP
152,"
                                                                                                    转发微博                                            ", 2016-7-7 14:52,转发,评论,1,iPhone 6s,DDHpREHer
153,"
                                                                                                    //@国网江苏电力:#防汛保电# 哪里有灾情，哪里就有他们的身影                                            ", 2016-7-7 14:15,转发,评论,100,iPhone 6 Plus,DDHb1dvKd
154,"
                                                                                                    //@国网江苏电力:#防汛保电# #电力快讯#                                            ", 2016-7-7 14:15,转发,评论,1,iPhone 6 Plus,DDHaVzJJd
155,"
                                                                                                    //@国网江苏电力:#电力快讯# #防汛保电#                                            ", 2016-7-7 14:15,转发,评论,1,iPhone 6 Plus,DDHaTdX9R
156,"
                                                                                                    //@国网江苏电力:#防汛保电# 兄弟们辛苦了                                            ", 2016-7-7 14:15,转发,评论,2,iPhone 6 Plus,DDHaQAiNS
157,"
                                                                                                    转发微博                                            ", 2016-7-7 14:15,转发,评论,6,iPhone 6 Plus,DDHaNCOH5
158,"
                                                                                                    //@国网江苏电力:抗洪抢险，我们正在进行时                                            ", 2016-7-6 22:53,转发,评论,赞,iPhone 6 Plus,DDB8E1pYm
159,"
                                                                                                    //@国网江苏电力:#防汛保电# 消除安全隐患，以保障供电安全。@国家电网 @国资小新 @亮报 @国网江苏电力95598 @中国电力新闻网 @电网头条                                            ", 2016-7-6 22:53,转发,评论,赞,iPhone 6 Plus,DDB8wDrGI
160,"
                                                                                                    //@国网江苏电力:                                            ", 2016-7-6 22:52,转发,评论,赞,iPhone 6 Plus,DDB8rCLzR
161,"
                                                                                                    //@国网江苏电力:#你用电，我用心# 电网人的坚持                                            ", 2016-7-6 15:29,转发,评论,11,iPhone 6 Plus,DDyeihjLX
162,"
                                                                                                    //@国网江苏电力:电网人加油                                            ", 2016-7-6 15:29,转发,评论,100,iPhone 6 Plus,DDyeerDEw
163,"
                                                                                                    //@国网江苏电力:转发微博                                            ", 2016-7-6 15:28,转发,评论,赞,iPhone 6 Plus,DDyec6qlC
164,"
                                                                                                    //@国网江苏电力:抗洪抢险，我们在行动！                                            ", 2016-7-6 15:28,转发,评论,赞,iPhone 6 Plus,DDyealvFo
165,"
                                                                                                    //@国网江苏电力:#防汛保电# 险情就是命令，时间就是生命@国家电网 @电网头条 @中国电力新闻网 @国网江苏电力95598 @亮报 @国资小新                                            ", 2016-7-6 15:28,转发,评论,赞,iPhone 6 Plus,DDye4nBIc
166,"
                                                                                                    //@国网江苏电力:#电力快讯#                                            ", 2016-7-6 15:28,转发,评论,12,iPhone 6 Plus,DDye2lFDq
167,"
                                                                                                    7月6日，国网盐城市大丰区供电公司组织施工人员拆除迁移在大丰港柳园路上的35千伏华摊线13号铁塔，配合大丰港道路改造工程建设。@国网江苏电力 @电网头条 @亮报 @国家电网报 ​​​​                                            ", 2016-7-6 14:09,3,评论,赞,iPhone 6s,DDxHOghLn
168,"
                                                                                                    //@国网江苏电力:转发微博                                            ", 2016-7-5 23:11,转发,评论,2,iPhone 6 Plus,DDrPxbGtE
169,"
                                                                                                    //@国网江苏电力:注意安全                                            ", 2016-7-5 23:11,转发,评论,赞,iPhone 6 Plus,DDrPprZqe
170,"
                                                                                                    //@国网江苏电力:全力保电，我们正不懈努力                                            ", 2016-7-5 23:10,转发,评论,33,iPhone 6 Plus,DDrP7qMFp
171,"
                                                                                                    【东台供电确保排涝设备正常使用】7月5日，国网东台市供电公司时堰供电所员工到时堰镇新嵇村排涝西站巡检排水电动机的开关、熔断器及控制设备，拧紧接线桩头，确保排水电动机和控制设备汛期连续开机正常使用。@国网江苏电力 @国家电网报 @亮报 @电网头条 ​​​​                                            ", 2016-7-5 14:19,转发,评论,赞,iPhone 6s,DDolzfqHm
172,"
                                                                                                    #防汛保电#7月5日，国网滨海县供电公司变电运行人员冒雨对管辖的20座变电站进行防汛工作回头看，重点检查变电站排水系统、防汛物资配置、消防器材管理等方面情况，确保“三查三强化”专项行动方案落到实处。@国网江苏电力 @电网头条 @亮报 @国家电网报 ​​​​                                            ", 2016-7-5 13:56,1,评论,赞,iPhone 6s,DDocfi8VU
173,"
                                                                                                    //@国网江苏电力:#防汛保电# 筑牢电网“防汛堤坝”！！！@国家电网 @宜兴发布 @电网头条 @国资小新 @亮报 @国网江苏电力95598                                            ", 2016-7-5 09:32,转发,评论,3,iPhone 6 Plus,DDmsY3uDz
174,"
                                                                                                    //@国网江苏电力:#防汛保电# 筑牢电网“防汛堤坝”！！！@国家电网 @宜兴发布 @电网头条 @国资小新 @亮报 @国网江苏电力95598                                            ", 2016-7-4 21:48,转发,评论,3,iPhone 6 Plus,DDhRtqFaF
175,"
                                                                                                    【东台供电巡检变电设备  保“汛期”安全运行】7月4日，国网东台市供电公司变电站运维人员对110千伏富新变电站新投运的2号主变变压器及开关设备进行巡视检查，确保新投运的2号主变“汛期”安全运行。@国网江苏电力 @电网头条 @国家电网报 @亮报 ​​​​                                            ", 2016-7-4 17:43,转发,评论,赞,iPhone 6s,DDgg1qVYa
176,"
                                                                                                    //@国家电网报:暴雨中抢修的身影                                            ", 2016-7-4 15:21,转发,评论,3,iPhone 6s,DDfkm0H8b
177,"
                                                                                                    //@国网江苏电力:#防汛保电# 手动点赞@国家电网 @电网头条 @国网江苏电力95598 @国资小新 @亮报                                            ", 2016-7-4 15:21,转发,评论,3,iPhone 6s,DDfkgDbIW
178,"
                                                                                                    7月4日，国网盐城市大丰区供电公司变电运行人员分两个小组对辖区内17座低洼变电所排水系统、水泵运行情况进行巡视检查。@国网江苏电力 @电网头条 @国家电网报 @亮报 ​​​​                                            ", 2016-7-4 14:58,12,1,赞,iPhone 6s,DDfaU06ou
179,"
                                                                                                    转发微博                                            ", 2016-7-4 12:26,转发,评论,6,iPhone 6s,DDeb2ft4D
180,"
                                                                                                    //@国网江苏电力:防汛保电进行时～～～                                            ", 2016-7-4 12:26,转发,评论,14,iPhone 6s,DDeaXxkfB
181,"
                                                                                                    7月4日，国网盐城供电公司大丰区供电公司抢修突击队员们正在将防暴雨抗大汛的電纜等抢修材料进行备足，以做好未雨绸缪防大汛的一切准备工作。@国网江苏电力 @电网头条 @亮报 @国家电网报 ​​​​                                            ", 2016-7-4 10:44,4,1,1,iPhone 6s,DDdvKp7qN
182,"
                                                                                                    //@国网江苏电力:太好啦～@宜兴发布                                            ", 2016-7-4 08:37,转发,评论,6,iPhone 6 Plus,DDcG8vSN3
183,"
                                                                                                    //@国网江苏电力:汛期严峻，注意安全 //@江宁公安在线:我市已启动Ⅱ级橙色防汛应急响应                                            ", 2016-7-3 20:28,转发,评论,82,iPhone 6 Plus,DD7Uu01fB
184,"
                                                                                                    //@国网江苏电力:赞！不必再担心忘记拔插头了                                            ", 2016-7-3 20:28,转发,评论,赞,iPhone 6 Plus,DD7U8lHyb
185,"
                                                                                                    转发微博                                            ", 2016-7-3 20:27,转发,评论,2,iPhone 6 Plus,DD7TMfUS6
186,"
                                                                                                    //@国网江苏电力:注意安全哦                                            ", 2016-7-3 17:51,转发,评论,5,iPhone 6 Plus,DD6Stvksm
187,"
                                                                                                    //@国网江苏电力:#防汛保电# 看着都心疼！这暴雨天，供电蜀黍和您之间就差一搜小船～～～@国家电网 @国网江苏电力95598 @电网头条 @亮报 @国资小新 @常州发布                                            ", 2016-7-3 15:42,转发,评论,7,iPhone 6 Plus,DD621kWR1
188,"
                                                                                                    //@国网江苏电力:转发微博                                            ", 2016-7-3 15:41,转发,评论,赞,iPhone 6 Plus,DD61ZwXzt
189,"
                                                                                                    //@国网江苏电力:转发微博                                            ", 2016-7-2 12:51,转发,评论,5,iPhone 6 Plus,DCVuu0cH3
190,"
                                                                                                    //@国网江苏电力:#防汛保电# 请多点理解、多点耐心吧，我们正在尽最大努力保障您安全可靠的用电！@国家电网 @电网头条 @亮报 @国资小新 @国网江苏电力95598 @宜兴发布                                            ", 2016-7-2 11:16,转发,评论,4,iPhone 6 Plus,DCURS9AbJ
191,"
                                                                                                    //@国网江苏电力:#你用电，我用心#                                            ", 2016-7-2 11:16,转发,评论,赞,iPhone 6 Plus,DCURNanKR
192,"
                                                                                                    转发微博                                            ", 2016-7-2 11:16,转发,评论,2,iPhone 6 Plus,DCURIpSdo
193,"
                                                                                                    //@国网江苏电力:防汛抗洪进行时@国家电网 @电网头条 @亮报 @国网江苏电力95598 @溧水发布                                            ", 2016-7-2 11:16,转发,评论,赞,iPhone 6 Plus,DCUREzbGH
194,"
                                                                                                    //@国网江苏电力:转发微博                                            ", 2016-7-1 23:22,转发,评论,26,iPhone 6 Plus,DCQc6eEj4
195,"
                                                                                                    转发微博                                            ", 2016-7-1 22:33,转发,评论,5,iPhone 6 Plus,DCPS9kzO3
196,"
                                                                                                    //@国网江苏电力:转发微博                                            ", 2016-6-30 15:40,转发,评论,39,iPhone 6s,DCDJSiknC
197,"
                                                                                                    转发微博                                            ", 2016-6-30 15:29,1,评论,3,iPhone 6s,DCDFywzsL
198,"
                                                                                                    转发微博                                            ", 2016-6-29 16:36,转发,评论,2,iPhone 6s,DCuGjmLHA
199,"
                                                                                                    我在现场，他们真的很辛苦@国网江苏电力 @国家电网报 @亮报 @电网头条                                            ", 2016-6-28 21:16,3,评论,1,iPhone 6s,DCn5drAcb
200,"
                                                                                                    转发微博                                            ", 2016-6-27 18:32,转发,评论,4,iPhone 6s,DCcA7onxy
201,"
                                                                                                    //@国网江苏电力:转发微博                                            ", 2016-6-27 11:31,转发,评论,2,iPhone 6 Plus,DC9PfEbIC
202,"
                                                                                                    转发微博                                            ", 2016-6-27 11:31,转发,评论,3,iPhone 6 Plus,DC9PdBCpI
203,"
                                                                                                    转发微博                                            ", 2016-6-27 11:31,转发,评论,6,iPhone 6 Plus,DC9Pc7vku
204,"
                                                                                                    转发微博                                            ", 2016-6-27 11:31,转发,评论,4,iPhone 6 Plus,DC9Pamve7
205,"
                                                                                                    //@国网江苏电力:转发微博                                            ", 2016-6-27 11:30,转发,评论,4,iPhone 6 Plus,DC9P8286o
206,"
                                                                                                    转发微博                                            ", 2016-6-27 11:30,转发,评论,3,iPhone 6 Plus,DC9P6yheX
207,"
                                                                                                    //@国网江苏电力:没办法，时间紧，任务重！电网人好样的！                                            ", 2016-6-27 11:30,转发,评论,11,iPhone 6 Plus,DC9P48qQL
208,"
                                                                                                    //@国网江苏电力:转发微博                                            ", 2016-6-27 11:30,转发,评论,赞,iPhone 6 Plus,DC9P1vgkR
209,"
                                                                                                    转发微博                                            ", 2016-6-27 11:30,转发,评论,2,iPhone 6 Plus,DC9OZ9rYN
210,"
                                                                                                    //@国网江苏电力:                                            ", 2016-6-27 00:40,转发,2,17,iPhone 6s,DC5zaufNK
211,"
                                                                                                    //@国网江苏电力:转发微博                                            ", 2016-6-27 00:40,转发,评论,9,iPhone 6s,DC5z1ziuS
212,"
                                                                                                    转发微博                                            ", 2016-6-27 00:40,转发,评论,7,iPhone 6s,DC5yVqCoP
213,"
                                                                                                    //@国网江苏电力:转发微博                                            ", 2016-6-27 00:39,转发,评论,6,iPhone 6s,DC5yFq3AZ
214,"
                                                                                                    感谢 //@国网江苏电力:转发微博                                            ", 2016-6-27 00:39,转发,评论,2,iPhone 6s,DC5ywjQ1M
215,"
                                                                                                    转发微博                                            ", 2016-6-26 15:26,转发,评论,17,iPhone 6s,DC1W8xFbo
216,"
                                                                                                    转发微博                                            ", 2016-6-26 15:26,转发,评论,6,iPhone 6s,DC1W46rkL
217,"
                                                                                                    转发微博                                            ", 2016-6-26 15:25,转发,评论,5,iPhone 6s,DC1W1qBVw
218,"
                                                                                                    后方的保障不只是抢修人员的后勤，更是抢修需要的物资！🏻🏻🏻🏻🏻@国网江苏电力 @电网头条 @国家电网报 @亮报 ​​​​                                            ", 2016-6-26 12:57,9,评论,赞,iPhone 6s,DC0XSjEA7
219,"
                                                                                                    转发微博                                            ", 2016-6-26 12:46,1,评论,4,iPhone 6s,DC0Tv3UaE
220,"
                                                                                                    转发微博                                            ", 2016-6-26 11:57,1,评论,8,iPhone 6s,DC0zyoxVh
221,"
                                                                                                    很多受灾严重的地方车辆进不去，需要人力搬运，最远的地方需要徒步2公里才能到达！24日、25日射阳供电志愿者共计募集物资约50000余元，出动志愿者16人次，向150余户灾民发放救灾物资约6吨！@国网江苏电力 @亮报 @电网头条 @国家电网报 @盐城热门微博 @盐城人不知道的盐城事儿 ​​​​                                            ", 2016-6-26 11:04,12,评论,赞,iPhone 6s,DC0dIc6df
222,"
                                                                                                    转发微博                                            ", 2016-6-26 09:51,1,评论,11,iPhone 6s,DBZKksS5N
223,"
                                                                                                    转发微博                                            ", 2016-6-25 18:39,转发,评论,1,iPhone 6s,DBTM6EbqP
224,"
                                                                                                    转发微博                                            ", 2016-6-25 04:20,转发,评论,10,iPhone 6s,DBO9t6zi1
225,"
                                                                                                    转发微博                                            ", 2016-6-25 04:19,转发,评论,4,iPhone 6s,DBO97dV93
226,"
                                                                                                    转发微博                                            ", 2016-6-24 21:34,转发,评论,5,iPhone 6s,DBLusAsBD
227,"
                                                                                                    转发微博                                            ", 2016-6-24 21:33,转发,评论,6,iPhone 6s,DBLu8sYbY
228,"
                                                                                                    转发微博                                            ", 2016-6-24 21:33,转发,评论,6,iPhone 6s,DBLu44Uu3
229,"
                                                                                                    转发微博                                            ", 2016-6-24 21:32,转发,评论,3,iPhone 6s,DBLu0v6FD
230,"
                                                                                                    转发微博                                            ", 2016-6-24 21:32,转发,评论,5,iPhone 6s,DBLtWlr1A
231,"
                                                                                                    转发微博                                            ", 2016-6-24 21:32,转发,评论,4,iPhone 6s,DBLtTpiHE
232,"
                                                                                                    转发微博                                            ", 2016-6-24 21:32,转发,评论,2,iPhone 6s,DBLtNeqqz
233,"
                                                                                                    转发微博                                            ", 2016-6-24 21:32,转发,评论,9,iPhone 6s,DBLtLrQ2s
234,"
                                                                                                    转发微博                                            ", 2016-6-24 21:32,转发,评论,3,iPhone 6s,DBLtJn7lL
235,"
                                                                                                    转发微博                                            ", 2016-6-24 18:42,转发,评论,2,iPhone 6s,DBKmGAlIC
236,"
                                                                                                    转发微博                                            ", 2016-6-24 18:10,转发,评论,2,iPhone 6s,DBK9EFDnq
237,"
                                                                                                    转发微博                                            ", 2016-6-24 18:09,转发,评论,18,iPhone 6s,DBK9CkkR1
238,"
                                                                                                    转发微博                                            ", 2016-6-24 18:09,转发,评论,5,iPhone 6s,DBK9AxhH5
239,"
                                                                                                    转发微博                                            ", 2016-6-24 18:09,转发,评论,2,iPhone 6s,DBK9ybZPz
240,"
                                                                                                    转发微博                                            ", 2016-6-24 18:09,转发,评论,43,iPhone 6s,DBK9szRqS
241,"
                                                                                                    转发微博                                            ", 2016-6-24 18:09,转发,评论,1,iPhone 6s,DBK9n005g
242,"
                                                                                                    //@国网江苏电力:#阜宁加油#                                            ", 2016-6-24 13:37,转发,评论,2,iPhone 6s,DBIn7BFRH
243,"
                                                                                                    转发微博                                            ", 2016-6-24 13:10,2,评论,16,iPhone 6s,DBIbYvoXu
244,"
                                                                                                    今天他们是最可爱的人！@国网江苏电力 @亮报 @电网头条 @国家电网报 ​​​​                                            ", 2016-6-24 11:28,转发,2,6,iPhone 6s,DBHwJldSj
245,"
                                                                                                    转发微博                                            ", 2016-6-24 11:26,转发,评论,19,iPhone 6s,DBHvVEj3N
246,"
                                                                                                    #阜宁加油#                                            ", 2016-6-24 08:37,转发,评论,2,iPhone 6s,DBGp2DCcT
247,"
                                                                                                    清晨，再次吹响集结号，投入保供电抢修中！@国网江苏电力 @电网头条 @亮报 @国家电网报 ​​​​                                            ", 2016-6-24 06:30,29,7,11,iPhone 6s,DBFzOF8SH
248,"
                                                                                                    兄弟们，辛苦了 //@国网江苏电力:转发微博                                            ", 2016-6-24 06:14,转发,评论,74,iPhone 6s,DBFtm0yxz
249,"
                                                                                                    //@国网江苏电力://@江苏气象:阜宁县气象台2016年06月24日05时30分解除暴雨黄色预警信号和雷暴橙色预警信号。                                            ", 2016-6-24 06:14,转发,评论,3,iPhone 6s,DBFt613EH
250,"
                                                                                                    #阜宁加油 抗灾复电#一夜无眠！龙卷风、冰雹等天气造成盐城局部地区输电塔受损，多个地方跳闸，盐城电力人立即组织抢险，有900多人投入了救灾工作，全省14辆发电车已经奔赴现场，开展抢修保障工作，此外120辆车随时待命。电网主网运行正常，低压电网的抢修工作正在24小时不间断地进行。向依然战斗在一 ​​​​...展开全文c                                            ", 2016-6-24 05:15,转发,评论,赞,iPhone 6s,DBF5l2Jnp
251,"
                                                                                                    加油#阜宁加油#                                            ", 2016-6-23 23:10,2,评论,4,iPhone 6s,DBCHb3akv
252,"
                                                                                                    在这个狂风暴雨的夜晚，如果您的家停电了，请您理解等待。电力工人有的顶着风雨不间断抢修十几个小时，有的值守在电网调控中心监控指挥，有的巡视在设备现场……请关注，他们正在努力，他们从未放弃！ 他们心急如焚、行动一线！                                            ", 2016-6-23 22:26,2,2,18,iPhone 6s,DBCppbtDy
253,"
                                                                                                    #阜宁加油#你用电，我用心，为电力人点赞@国网江苏电力 @电网头条 @亮报 @国家电网报                                            ", 2016-6-23 21:46,2,评论,3,iPhone 6s,DBC8Y1Z50
254,"
                                                                                                    #阜宁加油#                                            ", 2016-6-23 21:39,转发,评论,18,iPhone 6s,DBC6391WQ
255,"
                                                                                                    #阜宁加油## //@国网江苏电力:#阜宁加油#12级以上！14时29分在新沟镇出现了十二级（34.6m/s NW）的12级以上大风。                                            ", 2016-6-23 20:40,转发,评论,4,iPhone 6s,DBBI87z2m
256,"
                                                                                                    强对流极端天气袭击苏北，省电力公司启动应急预案 全力抢修恢复据@江苏气象消息6月23日13时-15时，盐城北部地区、连云港、宿迁、淮安等出现强降水和大风天气。尤其是盐城阜宁、射阳等产生大风、冰雹等局地强对流天气（最大阜宁板湖镇22.1m/s）！强对流天气导致盐城境内局部地区电力输电塔受损。目前 ​​​​...展开全文c                                            ", 2016-6-23 19:36,转发,评论,赞,iPhone 6 Plus,DBBineYOu
257,"
                                                                                                    #我们在现场# 抢修进行时@国网江苏电力 @电网头条 @亮报 @国家电网报 ​​​​                                            ", 2016-6-23 18:44,转发,评论,3,iPhone 6s,DBAXguh15
258,"
                                                                                                    #射阳加油#@国网江苏电力 @电网头条 @国家电网报 @亮报                                            ", 2016-6-23 18:43,转发,1,1,iPhone 6s,DBAWC4vN7
259,"
                                                                                                    强对流极端天气袭击苏北，省电力公司启动应急预案 全力抢修恢复据@江苏气象消息6月23日13时-15时，盐城北部地区、连云港、宿迁、淮安等出现强降水和大风天气。尤其是盐城阜宁、射阳等产生大风、冰雹等局地强对流天气（最大阜宁板湖镇22.1m/s）！强对流天气导致盐城境内局部地区电力输电塔受损。目前 ​​​​...展开全文c                                            ", 2016-6-23 18:19,转发,1,赞,iPhone 6 Plus,DBAN49mXp
260,"
                                                                                                    转发微博                                            ", 2016-6-23 17:10,转发,评论,3,iPhone 6 Plus,DBAkUoMne
261,"
                                                                                                    //@国网江苏电力:恭喜@fxc要有conscientiousness @高原上的烧土 2名用户获得奖品【50元电费卡】。微博官方抽奖工具@微博抽奖平台 对本次抽奖进行监督，结果公正有效。公证链接：O微博抽奖平台                                            ", 2016-6-23 17:10,转发,评论,3,iPhone 6 Plus,DBAkP6si2
262,"
                                                                                                    转发微博                                            ", 2016-6-23 17:09,转发,评论,4,iPhone 6 Plus,DBAkHmzPW
263,"
                                                                                                    //@国网江苏电力:#涨知识# 坚持下来                                            ", 2016-6-23 17:09,转发,评论,199,iPhone 6 Plus,DBAkEp7TS
264,"
                                                                                                    转发微博                                            ", 2016-6-23 17:09,1,评论,3,iPhone 6 Plus,DBAkD0a2r
265,"
                                                                                                    #电能替代#6月22日，在建湖县里下河钢材大市场码头，船一靠岸船民便刷卡接驳岸电，不仅省心省钱，更大大减少了码头对周边地区的噪音和废气污染。@国网江苏电力 @电网头条 @亮报 @国家电网报 ​​​​                                            ", 2016-6-23 11:32,1,1,赞,iPhone 6s,DBy7GhGqM
266,"
                                                                                                    6月22日下午，国网滨海县供电公司“银海虹”青年志愿者服务队来到大套农业园宣传夏季安全用电知识，帮助农户检查维修大棚线路。@国网江苏电力 @电网头条 @亮报 @国家电网报 ​​​​                                            ", 2016-6-23 11:30,1,1,赞,iPhone 6s,DBy7aF0ta
267,"
                                                                                                    //@国网江苏电力:#抗灾保电# #防汛# @中国电力新闻网 @国网江苏电力95598 @亮报                                            ", 2016-6-22 17:44,转发,评论,1,iPhone 6 Plus,DBr8qiceK
268,"
                                                                                                    转发微博                                            ", 2016-6-22 17:44,转发,评论,1,iPhone 6 Plus,DBr8nACVy
269,"
                                                                                                    //@国网江苏电力:与时间赛跑，全力抗击暴雨@亮报 @国网江苏电力95598 @国家电网报手机报 @电网头条 @中国电力新闻网 @国资小新                                            ", 2016-6-22 17:44,转发,评论,赞,iPhone 6 Plus,DBr8maYf7
270,"
                                                                                                    //@国网江苏电力:全力保障居民供用电@国网江苏电力95598 @亮报                                            ", 2016-6-22 17:44,转发,评论,赞,iPhone 6 Plus,DBr8koqkw
271,"
                                                                                                    #电网添丁保夏峰#6月22日，位于盐城市大丰区110千伏锦城输变电工程竣工投运。该工程建成投运满足了大丰港城经济发展的需要，对促进大丰沿海发展起到至关重要的作用。@国网江苏电力 @电网头条 @国家电网报 @亮报 ​​​​                                            ", 2016-6-22 16:20,转发,评论,赞,iPhone 6s,DBqA9oHLT
272,"
                                                                                                    【阜宁锅炉企业全部实现无烟化】 6月22日，位于阜宁县高科区内的拜克新材料有限公司员工照例检查锅炉运行情况，当地所有锅炉企业已全部实现无烟化。阜宁县近2年来集中引进了145家中小型企业，多数为滤袋、配电盘和风筒等产业，都需要锅炉配合进行生产。当地政府大力推动燃料升级和替代的“绿色产能升级 ​​​​...展开全文c                                            ", 2016-6-22 16:19,转发,评论,赞,iPhone 6s,DBqzNuVCS
273,"
                                                                                                    【盐城供电公司紧急启动防汛预案】6月21日，盐城市区遭暴雨袭击，气象部门发布蓝色预警警报，为防止电网受汛情和客水压境的影响，盐城供电公司紧急启动防汛应急预案，组织人员对地势较低的变电站安装防水挡扳，安装临时水泵及时排水。图为当日该公司员工在110千伏东郊变电所进行排水。@国网江苏电力  ​​​​...展开全文c                                            ", 2016-6-22 16:17,转发,1,赞,iPhone 6s,DBqz0t1lG
274,"
                                                                                                    【东台供电严阵以待防大汛】6月22日，国网东台市供电公司溱东供电所安全员带领运采班班长到溱东镇新星排涝站，配合水利部门对供电线路、低压控制设备、水汞进行回头看检查，检测供电电压，并试开泵出水，保证排水正常供电。@国网江苏电力 @电网头条 @亮报 @国家电网报 ​​​​                                            ", 2016-6-22 12:22,转发,评论,赞,iPhone 6s,DBp1ojvTt
275,"
                                                                                                    //@国网江苏电力:#电力快讯#                                            ", 2016-6-22 10:51,转发,评论,赞,iPhone 6 Plus,DBoqrm6XI
276,"
                                                                                                    //@国网江苏电力:好诗@国网江苏电力95598 @国资小新 @亮报 @中国电力新闻网 @电网头条                                            ", 2016-6-22 10:50,转发,评论,22,iPhone 6 Plus,DBoqooErN
277,"
                                                                                                    //@国网江苏电力:无论昼夜，我们都在                                            ", 2016-6-22 10:50,-1,评论,赞,iPhone 6 Plus,DBoqltJ6R
278,"
                                                                                                    //@国网江苏电力:加油                                            ", 2016-6-22 10:50,1,评论,4,iPhone 6 Plus,DBoqjpzlW
279,"
                                                                                                    //@国网江苏电力:严禁在电力线路下钓鱼，“高压危险，禁止垂钓！严禁在电力线路下钓鱼，“高压危险，禁止垂钓！严禁在电力线路下钓鱼，“高压危险，禁止垂钓！重要的事情说三遍@亮报 @中国电力新闻网 @国家电网报手机报 @国网江苏电力95598                                            ", 2016-6-21 23:50,转发,评论,赞,iPhone 6 Plus,DBk6o27iC
280,"
                                                                                                    转发微博                                            ", 2016-6-21 15:07,转发,评论,1,iPhone 6 Plus,DBgGdz3Mx
281,"
                                                                                                    转发微博                                            ", 2016-6-21 14:23,转发,评论,8,iPhone 6 Plus,DBgo2BPI5
282,"
                                                                                                    转发微博                                            ", 2016-6-21 10:11,转发,评论,3,iPhone 6 Plus,DBeJLA56u
283,"
                                                                                                    转发微博                                            ", 2016-6-21 08:43,转发,评论,赞,iPhone 6 Plus,DBeafiqbJ
284,"
                                                                                                    转发微博                                            ", 2016-6-20 20:36,转发,评论,2,iPhone 6 Plus,DB9oXxNbi
285,"
                                                                                                    //@国网江苏电力:来为我们最可爱的人点个赞吧@亮报 @国网江苏电力95598 @中国电力新闻网 @电网头条 @国资小新 @国家电网报手机报 @国家电网报                                            ", 2016-6-20 17:26,转发,1,4,iPhone 6 Plus,DB89UgVmW
286,"
                                                                                                    @国网江苏电力                                            ", 2016-6-20 15:00,转发,评论,赞,iPhone 6 Plus,DB7cH5Apr
287,"
                                                                                                    //@国网江苏电力:消除缺陷隐患，保证设备安全运行和可靠供电                                            ", 2016-6-20 11:34,转发,评论,6,iPhone 6 Plus,DB5R3tO8N
288,"
                                                                                                    //@国网江苏电力:转发微博                                            ", 2016-6-20 11:34,转发,评论,赞,iPhone 6 Plus,DB5QXlBzJ
289,"
                                                                                                    【服务“渔光一体”养殖企业】6月17日上午，国网射阳县供电公司海通供电所党员服务队来到射阳港经济区陈红水产养殖有限公司，为该公司检查控制箱、消毒机、排污站等用电设备，得到养殖企业的欢迎。 “渔光一体”一方面利用了水面资源优势进行养殖，另一方面发展光伏应用，提高了土地利用率，同时增加经 ​​​​...展开全文c                                            ", 2016-6-20 10:42,5,2,赞,iPhone 6 Plus,DB5vSFnYn
290,"
                                                                                                    【全力保障夏季灌溉用电】6月19日，国网阜宁县供电公司党员服务队放弃休息时间来到新沟镇对排灌设备和供电设施进行维护。该公司党员服务队为确保农村用户灌溉用电的需要，开展多项式的摸底调查，切实掌握农户对排灌用电的需求，加强对涉及线路的巡视维护和协助做好灌溉设施的管理，及时满足农业用电需 ​​​​...展开全文c                                            ", 2016-6-20 10:39,1,1,赞,iPhone 6 Plus,DB5uHCls7
291,"
                                                                                                    转发微博                                            ", 2016-6-19 20:36,转发,评论,3,iPhone 6 Plus,DAZYu9pXy
292,"
                                                                                                    //@国网江苏电力:节日快乐                                            ", 2016-6-19 12:35,转发,评论,1,iPhone 6 Plus,DAWPxCc62
293,"
                                                                                                    转发微博                                            ", 2016-6-19 09:57,转发,评论,5,iPhone 6 Plus,DAVNmg7aW
294,"
                                                                                                    //@国网江苏电力:父亲节快乐                                            ", 2016-6-19 08:22,转发,评论,1674,iPhone 6 Plus,DAVaPctYO
295,"
                                                                                                    转发微博                                            ", 2016-6-19 08:22,转发,评论,1,iPhone 6 Plus,DAVaNqx5l
296,"
                                                                                                    转发微博                                            ", 2016-6-19 08:22,转发,评论,3,iPhone 6 Plus,DAVaKr9RW
297,"
                                                                                                    转发微博                                            ", 2016-6-18 17:50,转发,评论,1,iPhone 6 Plus,DAPsG5ugP
298,"
                                                                                                    转发微博                                            ", 2016-6-18 17:50,转发,评论,1,iPhone 6 Plus,DAPsBkxX1
299,"
                                                                                                    【防汛联合演练】  6月16日下午，国网滨海县供电公司组织运检、安质、运维、农电及外协单位共计40余人参加防汛联合演练活动。本次演练活动安排在滨海110千伏八滩变，现场模拟突发暴雨致使变电站周边水位上升，变电站存在被淹的险情。演习中，现场抢险人员通过抢装防水挡板和吸水膨胀袋封堵变电站大门、 ​​​​...展开全文c                                            ", 2016-6-18 17:36,1,2,赞,iPhone 6 Plus,DAPmSraH8
300,"
                                                                                                    转发微博                                            ", 2016-6-18 16:58,转发,评论,5,iPhone 6 Plus,DAP7DutqI
301,"
                                                                                                    【“迎峰度夏”安检电动环卫车】6月18日，国网东台市供电公司时堰供电所“金海星”共产党员服务队来到时堰镇环卫站安全检查电动环卫车的充电连接线及充电控制配电箱，并向环卫工人讲解怎样正确连接充电线，同时帮助检查电动环卫车上的充电逆变装置，保证“电能替代”的电动环卫车“盛夏”安全正常使用 ​​​​...展开全文c                                            ", 2016-6-18 16:56,1,1,1,iPhone 6 Plus,DAP6L7eKh
302,"
                                                                                                    //@国网江苏电力:潮闷梅雨天来了，小心电器“闹情绪”哦！                                            ", 2016-6-18 14:36,转发,评论,2,iPhone 6 Plus,DAOc6jol2
303,"
                                                                                                    转发微博                                            ", 2016-6-18 11:01,转发,评论,1,iPhone 6 Plus,DAMMT5cVs
304,"
                                                                                                    //@国网江苏电力:#父亲节# 父爱如山                                            ", 2016-6-18 07:49,1,评论,4,iPhone 6 Plus,DALwWz6I5
305,"
                                                                                                    转发微博                                            ", 2016-6-17 21:44,转发,评论,1,iPhone 6 Plus,DAHzfpM9E
306,"
                                                                                                    //@国网江苏电力:#你用电，我用心                                            ", 2016-6-17 17:19,转发,评论,1,iPhone 6 Plus,DAFPyuaJk
307,"
                                                                                                    //@国网江苏电力:#电力快讯#                                             ", 2016-6-17 17:18,转发,评论,1,iPhone 6 Plus,DAFPqdpss
308,"
                                                                                                    【精准服务光伏发电 护航绿色发展】6月16日，国网东台市供电公司营销人员到东台市时堰镇胜友机械配件制造有限公司检查验收新建的600千伏光伏电站的电器设备控制、逆变装置，详细检查设备的连接线及防雷接地装置，确保光伏发电并网后安全运行。@国网江苏电力 @国网江苏电力95598 @电网头条  ​​​​...展开全文c                                            ", 2016-6-17 15:59,8,2,1,iPhone 6 Plus,DAFjjqYFT
309,"
                                                                                                    转发微博                                            ", 2016-6-17 14:51,转发,评论,3,iPhone 6 Plus,DAERH6q4j
310,"
                                                                                                    转发微博                                            ", 2016-6-17 14:50,转发,评论,3,iPhone 6 Plus,DAERgdDXu
311,"
                                                                                                    //@国网江苏电力:#小微企#                                             ", 2016-6-17 14:50,转发,评论,赞,iPhone 6 Plus,DAERduYaw
312,"
                                                                                                    //@国网江苏电力://@国资小新:@中国电信客服 @招商银行 @北京移动10086热线 @国网江苏电力 @国网河北电力 @北京联通 @广东电网 @中国联通客服 @长安汽车 @深圳供电 @中建三局公司 @广东联通 中建二局 @国网北京市电力公司 石化黑板报 @国家电网新疆电力 @中粮我买网-食品网购专家                                            ", 2016-6-17 14:50,转发,评论,5,iPhone 6 Plus,DAERafSQr
313,"
                                                                                                    //@国网江苏电力:                                            ", 2016-6-17 14:50,转发,评论,1,iPhone 6 Plus,DAER5ygr6
314,"
                                                                                                    //@国网江苏电力:#你用电，我用心#                                            ", 2016-6-17 14:49,转发,评论,1,iPhone 6 Plus,DAEQTqXhq
315,"
                                                                                                    转发微博                                            ", 2016-6-16 19:18,转发,1,5,iPhone 6 Plus,DAxbjualv
316,"
                                                                                                    //@扬州供用电顾问:转发微博                                            ", 2016-6-16 15:24,转发,评论,4,iPhone 6 Plus,DAvEzlsZq
317,"
                                                                                                    //@国网江苏电力:暴雨来袭无惧，抢修保电在前！                                            ", 2016-6-16 14:14,转发,评论,2,iPhone 6 Plus,DAvbT5hM7
318,"
                                                                                                    转发微博                                            ", 2016-6-16 11:10,转发,评论,3,iPhone 6 Plus,DAtZf9feC
319,"
                                                                                                    转发微博                                            ", 2016-6-16 08:05,转发,评论,1,iPhone 6 Plus,DAsM9jlaL
320,"
                                                                                                    转发微博                                            ", 2016-6-16 08:05,转发,评论,4,iPhone 6 Plus,DAsM6EWVm
321,"
                                                                                                    //@国网江苏电力:                                            ", 2016-6-16 08:04,转发,评论,赞,iPhone 6 Plus,DAsM4C0hK
322,"
                                                                                                    //@国网江苏电力:#涨姿势#                                            ", 2016-6-16 08:04,转发,评论,赞,iPhone 6 Plus,DAsM2yC6y
323,"
                                                                                                    转发微博                                            ", 2016-6-16 08:04,转发,评论,5,iPhone 6 Plus,DAsM09rrd
324,"
                                                                                                    //@国网江苏电力:#你用电，我用心# 消除安全隐患，确保供电质量@亮报 @国网江苏电力95598 @国资小新                                            ", 2016-6-16 08:04,转发,评论,赞,iPhone 6 Plus,DAsLXuKlD
325,"
                                                                                                    //@国网江苏电力:                                            ", 2016-6-16 08:04,转发,评论,1,iPhone 6 Plus,DAsLVscmX
326,"
                                                                                                    //@国网江苏电力:#中考保电# 加油哦                                            ", 2016-6-16 08:04,转发,评论,赞,iPhone 6 Plus,DAsLT5hRv
327,"
                                                                                                    //@国网江苏电力:#迎峰度夏# 排查安全隐患，保障设备度夏高负荷期间安全运行                                            ", 2016-6-15 14:20,转发,评论,赞,iPhone 6 Plus,DAlNZBvq3
328,"
                                                                                                    //@国网江苏电力:备战中考                                            ", 2016-6-15 14:20,转发,评论,赞,iPhone 6 Plus,DAlNXyoZj
329,"
                                                                                                    //@国网江苏电力:高压线下切勿垂钓！！！高压线下切勿垂钓！！！高压线下切勿垂钓！！！重要的事情说三遍！                                            ", 2016-6-15 14:20,转发,评论,赞,iPhone 6 Plus,DAlNVsfa5
330,"
                                                                                                    //@国网江苏电力:#安全月# 防汛应急 确保电网安全辛苦啦                                            ", 2016-6-15 14:20,转发,评论,2,iPhone 6 Plus,DAlNToZQV
331,"
                                                                                                    //@国网江苏电力:做好防汛应急 保障电网安全                                            ", 2016-6-15 14:20,转发,评论,赞,iPhone 6 Plus,DAlNR4h3c
332,"
                                                                                                    //@国网江苏电力:#你用电，我用心#                                             ", 2016-6-15 14:20,转发,评论,赞,iPhone 6 Plus,DAlNPew6c
333,"
                                                                                                    转发微博                                            ", 2016-6-15 09:05,转发,评论,赞,iPhone 6s,DAjK40vil
334,"
                                                                                                    转发微博                                            ", 2016-6-15 08:03,转发,评论,1,iPhone 6 Plus,DAjl6f3dL
335,"
                                                                                                    转发微博                                            ", 2016-6-14 15:32,1,评论,2,iPhone 6 Plus,DAcQLoNcW
336,"
                                                                                                    //@国网江苏电力:舞王来了～～～                                            ", 2016-6-14 10:13,转发,评论,赞,iPhone 6 Plus,DAaL7EJBH
337,"
                                                                                                    //@国网江苏电力:#你用电，我用心#                                             ", 2016-6-13 18:17,转发,评论,1,iPhone 6 Plus,DA4vp7Zo1
338,"
                                                                                                    //@国网江苏电力:                                            ", 2016-6-13 18:16,转发,评论,赞,iPhone 6 Plus,DA4uYdIKK
339,"
                                                                                                    //@国网江苏电力:                                            ", 2016-6-13 18:16,转发,评论,赞,iPhone 6 Plus,DA4uQx8Vp
340,"
                                                                                                    @国网江苏电力:低碳生活，绿色出行@亮报 @电网头条                                            ", 2016-6-13 10:37,转发,评论,1,iPhone 6 Plus,DA1uryPfN
341,"
                                                                                                    //@常州供电公司://@国网江苏电力:此处应该有掌声@电网头条 @亮报 @江苏新闻 @国网江苏电力95598 @国资小新 @新浪江苏                                            ", 2016-6-13 10:37,转发,评论,8,iPhone 6 Plus,DA1uj1Cro
342,"
                                                                                                    转发微博                                            ", 2016-6-13 09:58,转发,评论,2,iPhone 6 Plus,DA1evpP9I
343,"
                                                                                                    转发微博                                            ", 2016-6-12 23:55,转发,评论,赞,iPhone 6s,DzXhY4qQb
344,"
                                                                                                    【东台供电“迎峰度夏”助小微企业安全生产】6月12日，国网东台市供电公司梁垛供电所员工到梁垛镇小微企业--苏东明芳纺织厂进行“迎峰度夏”电力安检，对企业配变电及用电控制设备进行安全检查、对企业夏季用电状况进行“把脉问诊”，向企业车间生产负责人了解生产发展用电需求，征询供用电意见，为企 ​​​​...展开全文c                                            ", 2016-6-12 19:59,转发,评论,赞,iPhone 6s,DzVKaElNc
345,"
                                                                                                    转发微博                                            ", 2016-6-12 10:24,转发,评论,6,iPhone 6 Plus,DzRYzo6Do
346,"
                                                                                                    转发微博                                            ", 2016-6-11 20:58,转发,评论,16,iPhone 6 Plus,DzMHGbINS
347,"
                                                                                                    //@国网江苏电力:梅雨季用电更讲究哦                                            ", 2016-6-11 10:44,转发,评论,赞,iPhone 6 Plus,DzIGkjcJ7
348,"
                                                                                                    转发微博                                            ", 2016-6-11 09:42,转发,评论,3,iPhone 6 Plus,DzIh6APYI
349,"
                                                                                                    转发微博                                            ", 2016-6-11 09:15,转发,评论,3,iPhone 6 Plus,DzI6o2RWX
350,"
                                                                                                    转发微博                                            ", 2016-6-10 17:33,转发,评论,2,iPhone 6 Plus,DzBVLA82M
351,"
                                                                                                    转发微博                                            ", 2016-6-10 12:14,转发,评论,赞,iPhone 6 Plus,DzzQvBuq5
352,"
                                                                                                    //@国网江苏电力:预祝学子们高考高中哦                                            ", 2016-6-10 12:14,转发,评论,1,iPhone 6 Plus,DzzQunhqy
353,"
                                                                                                    转发微博                                            ", 2016-6-10 12:14,转发,评论,赞,iPhone 6 Plus,DzzQs3DhL
354,"
                                                                                                    转发微博                                            ", 2016-6-9 22:12,转发,评论,2,iPhone 6s,DzukG2T1y
355,"
                                                                                                    转发微博                                            ", 2016-6-9 12:00,转发,评论,5,iPhone 6 Plus,Dzqk7eIoi
356,"
                                                                                                    //@国网江苏电力:全力保障高考期间电力稳定可靠，为莘莘学子保驾护航                                            ", 2016-6-9 11:13,转发,评论,赞,iPhone 6 Plus,Dzq1jtp5M
357,"
                                                                                                    转发微博                                            ", 2016-6-9 11:13,转发,评论,1,iPhone 6 Plus,Dzq0WrJqy
358,"
                                                                                                    #涨涨姿势# 端午节不能互祝快乐的，最多互祝‘端午安康’，因为端午节是个祭祀节日，这一天屈原投汨罗江，伍子胥投钱塘江，曹娥救父投曹娥江……五月初五是个悲壮的日子，是祭祀和纪念的节日。所以如清明节、端午节，只能互致‘安康’，而不能说快乐。@国网江苏电力 @亮报 @盐城人不知道的盐城事儿  ​​​​...展开全文c                                            ", 2016-6-9 10:29,8,2,2,iPhone 6s,DzpJbtigo
359,"
                                                                                                    //@国网江苏电力:同学们准备好了吗？快告诉小编，你会几道@亮报 @电网头条                                            ", 2016-6-8 20:20,转发,评论,赞,iPhone 6 Plus,DzkaL7pBu
360,"
                                                                                                    //@国网江苏电力:#端午#                                             ", 2016-6-8 16:26,转发,评论,赞,iPhone 6 Plus,DziDwijkY
361,"
                                                                                                    //@国网江苏电力:                                            ", 2016-6-8 16:25,转发,评论,2,iPhone 6 Plus,DziD5qTc7
362,"
                                                                                                    //@国网江苏电力:弘扬中华美德！手动点赞                                            ", 2016-6-8 15:24,转发,评论,2,iPhone 6 Plus,DzieC4ZaH
363,"
                                                                                                    转发微博                                            ", 2016-6-8 11:04,转发,评论,11,iPhone 6 Plus,DzgwU5Scw
364,"
                                                                                                    //@国网江苏电力:妹子很美很萌哦！                                            ", 2016-6-8 10:52,转发,评论,580,iPhone 6 Plus,Dzgsh8dgy
365,"
                                                                                                    #高考# 【盐城：各考点均配备ups不间断电源】全市21个高考考点中，尚有9个点暂未实现双路电源供电，盐城供电公司已促其配备了移动发电机或发电车以应对不时之需。此外针对6月8日的英语听力考试，各考点均配备了ups不间断电源能在无电源时持续供电一小时以上，应对40分钟听力时间绰绰有余。 ​​​​...展开全文c                                            ", 2016-6-8 10:47,8,评论,12,iPhone 6s,Dzgq14LOS
366,"
                                                                                                    转发微博                                            ", 2016-6-8 08:34,转发,评论,1,iPhone 6 Plus,Dzfy6tO8t
367,"
                                                                                                    //@国网江苏电力:@电网头条                                            ", 2016-6-7 16:32,转发,评论,赞,iPhone 6 Plus,Dz9fy4YAE
368,"
                                                                                                    //@国网江苏电力:电网欧巴棒棒哒                                            ", 2016-6-7 16:32,转发,评论,3,iPhone 6 Plus,Dz9fv6NIb
369,"
                                                                                                    //@国网江苏电力:一定会高“粽”                                            ", 2016-6-7 16:32,转发,评论,1,iPhone 6 Plus,Dz9frg7fR
370,"
                                                                                                    //@国网江苏电力:#高考保电 祝福学子#我们一直在行动@电网头条 @亮报                                            ", 2016-6-7 16:31,转发,评论,赞,iPhone 6 Plus,Dz9foiGN6
371,"
                                                                                                    【滨海供电“银海虹”服务队在行动】6月7日，江苏滨海县供电公司“银海虹”青年服务队组织5名队员来到条港实验学校，围绕“强化安全发展观念，提升全民安全素质”主题，开展了丰富多彩的“安全生产月”活动，确保中考期间校园供电万无一失。@国网江苏电力 @电网头条 @国家电网报 @亮报 ​​​​                                            ", 2016-6-7 13:58,转发,评论,1,iPhone 6s,Dz8f79BCe
372,"
                                                                                                    转发微博                                            ", 2016-6-7 11:02,1,评论,6,iPhone 6 Plus,Dz75LkBR2
373,"
                                                                                                    转发微博                                            ", 2016-6-7 10:46,转发,评论,赞,iPhone 6s,Dz6Z00eS8
374,"
                                                                                                    转发微博                                            ", 2016-6-7 09:53,转发,评论,1,iPhone 6 Plus,Dz6DDjdRN
375,"
                                                                                                    //@国网江苏电力:#高考保电 祝福学子## 祝各位考生考的都会，蒙的全对                                            ", 2016-6-7 09:53,转发,评论,69,iPhone 6 Plus,Dz6DBf4rU
376,"
                                                                                                    //@国网江苏电力:为考生加油，为供电员工点赞                                            ", 2016-6-7 09:53,转发,评论,4,iPhone 6 Plus,Dz6DwedXZ
377,"
                                                                                                    【绿色电网 粽情四海】6月6日下午，盐城供电公司工会举办了“绿色电网 粽情四海”端午节职工包粽子比赛。活动结束后职工还将包好的粽子和绿豆糕赠送给今年子女参加高考的职工，寓意状元“糕粽”。💖看看我们的男选手，只会吃粽子的小编表示自惭形愧💖@国网江苏电力 @亮报 @电网头条 @国家电网报   ​​​​                                            ", 2016-6-6 22:40,转发,评论,1,iPhone 6s,Dz2emnFGJ
378,"
                                                                                                    【阜宁供电积极服务光伏发电项目】  6月5日，国网阜宁县供电公司来到位于东益经济园区的协鑫农光互补发电站进行服务。当地目前有规模太阳能发电项目6个，该公司为确保客户的安全并网发电，除设立专门的“客户经理”外，实施每月一次进行“个性化服务”，提升设备健康运行水平。@国网江苏电力 @电网头条 ​​​​...展开全文c                                            ", 2016-6-6 22:12,转发,评论,赞,iPhone 6s,Dz238vOou
379,"
                                                                                                    【东台供电更换革命老区变压器 保障老区人民盛夏用电无忧】6月5日，国网东台市供电公司组织的10多名施工人员，将革命老区--东台市三仓镇新农社区原集镇1台区160千伏安变压器更换成400千伏安的变压器，保障革命老区三仓镇新农社区120多户老区人民盛夏用电无忧。@国网江苏电力 @电网头条 @亮报  ​​​​...展开全文c                                            ", 2016-6-6 22:09,3,评论,赞,iPhone 6s,Dz21M0mxJ
380,"
                                                                                                    转发微博                                            ", 2016-6-6 14:10,转发,评论,4,iPhone 6 Plus,DyYTE0bUg
381,"
                                                                                                    //@国网江苏电力:#高考保电#                                            ", 2016-6-6 14:10,转发,评论,3,iPhone 6 Plus,DyYTon4Ko
382,"
                                                                                                    转发微博                                            ", 2016-6-6 14:09,转发,评论,3,iPhone 6 Plus,DyYTatqmX
383,"
                                                                                                    转发微博                                            ", 2016-6-5 11:59,转发,评论,2,iPhone 6 Plus,DyOBR0ZfQ
384,"
                                                                                                    //@国网江苏电力:妹子很美很萌哦！                                            ", 2016-6-4 18:05,转发,评论,580,iPhone 6 Plus,DyHzHAMaY
385,"
                                                                                                    转发微博                                            ", 2016-6-4 15:09,转发,评论,1,iPhone 6 Plus,DyGqm4cRh
386,"
                                                                                                    转发微博                                            ", 2016-6-4 11:53,转发,评论,2,iPhone 6 Plus,DyF911NXX
387,"
                                                                                                    转发微博                                            ", 2016-6-4 09:15,转发,评论,3,iPhone 6 Plus,DyE6SySE2
388,"
                                                                                                    【东台供电更换老居民区变压器保障居民盛夏用电无忧】6月2日，国网东台市供电公司组织的10多名施工人员，突击将东台市区城南平瓦老居民区原200千伏安变压器更换成400千伏安的变压器，保障城南平瓦老居民区的110多户居民盛夏用电无忧。@国网江苏电力 @国家电网报 @亮报 @电网头条 ​​​​                                            ", 2016-6-3 18:56,转发,评论,赞,iPhone 6s,DyytWrLBS
389,"
                                                                                                    【阜宁供电“安全月”活动惠及农民】6月2日，国网阜宁县供电公司东沟供电所服务队来到农户集聚地开展安全用电宣传、义务设备“体检”，该公司结合当前迎峰度夏安全工作要求，全面开展“安全月”设备、线路安全隐患镇村大排查活动，确保农村夏季供电可靠。@电网头条 @亮报 @国家电网报 @国网江苏电力 ​​​​                                            ", 2016-6-3 18:53,转发,评论,赞,iPhone 6s,DyysHBkoU
390,"
                                                                                                    #全力以赴高考保供电#6月3日，国网阜宁县供电公司配网运检人员认真组织开展设备巡检和缺陷消除工作，确保各高考考点供电安全、用电无忧。当天清除影响线路安全的树障10余处，巡查线路25.8公里，检视环网柜配电箱16处。@国网江苏电力 @国家电网报 @亮报 @电网头条 ​​​​                                            ", 2016-6-3 18:51,转发,评论,赞,iPhone 6s,Dyys3pKoR
391,"
                                                                                                    转发微博                                            ", 2016-6-3 17:26,转发,评论,5,iPhone 6 Plus,DyxTyFCKi
392,"
                                                                                                    转发微博                                            ", 2016-6-3 17:26,转发,评论,1,iPhone 6 Plus,DyxTsbjEn
393,"
                                                                                                    转发微博                                            ", 2016-6-3 17:26,转发,评论,3,iPhone 6 Plus,DyxTnaFP2
394,"
                                                                                                    //@国网江苏电力:#高考保电#为高考用电保驾护航 @电网头条                                            ", 2016-6-3 17:25,转发,评论,5,iPhone 6 Plus,DyxSX7FLY
395,"
                                                                                                    【助力特高压】特高压是目前世界上最先进的输电技术，具有远距离、大容量、低损耗、少占地的综合优势。我国全面掌握了特高压核心技术，拥有完全自主知识产权，确立中国标准体系，增强了我国在世界电工标准领域的话语权和影响力。实现了“中国创造”和“中国引领”。                                            ", 2016-6-3 08:27,转发,评论,732,iPhone 6 Plus,DyumXlMPR
396,"
                                                                                                    //@国网江苏电力:我参与了@国资小新 发起的投票 【第三张国家名片】，我投给了“12、特高压”这个选项。你也快来表态吧~                                            ", 2016-6-3 08:27,转发,评论,732,iPhone 6 Plus,DyumK1K1M
397,"
                                                                                                    @盐城热门微博 @盐城人不知道的盐城事儿 快来看→_→电力萌妹纸版的《好想你》女主角萌萌哒，声音好好听，实在是太甜了，听完心情棒棒哒，你们的心有没有被萌化呀“ 每天上班的第一件事情 看你有没有来电 无论晴天还是下雨 都好想好想你 ​​​​...展开全文c                                            ", 2016-6-2 17:10,转发,评论,2,iPhone 6s,Dyomt9HBx
398,"
                                                                                                    转发微博                                            ", 2016-6-2 10:02,转发,评论,58,iPhone 6 Plus,Dylz1j0Ex
399,"
                                                                                                    #电力快讯#国网阜宁县供电公司结合迎峰度夏期间负荷不断攀升的实际情况，在推进供电优质服务的同时，组织“流动供电所便民服务队”通过走村入户宣讲电力设施保护条例和安全用电知识、发放《农忙季节安全用电告知书》、利用出租车电子屏发布信息等形式，不断提升迎峰度夏期问农民在安全用电识险、辩险、 ​​​​...展开全文c                                            ", 2016-6-2 06:36,7,1,赞,iPhone 6s,Dykd8Emkn
400,"
                                                                                                    【东台供电 让7.5万户蚕农上簇摘茧用上放心电】6月1日，国网东台市供电公司富安供电所员工来到富安镇建团村空巢老人吴其玉家中进行用电服务，宣传安全用电知识，了解春蚕上簇用电需求，帮助检查维修照明灯，为吴其玉深夜上簇、摘茧提供方便。@国网江苏电力 @国家电网报 @亮报 @电网头条 ​​​​                                            ", 2016-6-2 06:35,4,评论,赞,iPhone 6s,DykcGAPA8
401,"
                                                                                                    转发微博                                            ", 2016-6-1 14:01,转发,评论,4,iPhone 6 Plus,DydHjz7et
402,"
                                                                                                    转发微博                                            ", 2016-5-31 21:51,转发,评论,2,iPhone 6 Plus,Dy7lLDS02
403,"
                                                                                                    转发微博                                            ", 2016-5-31 18:06,转发,评论,6,iPhone 6s,Dy5S5gUni
404,"
                                                                                                    转发微博                                            ", 2016-5-31 18:05,转发,评论,1,iPhone 6s,Dy5RZl8cu
405,"
                                                                                                    转发微博                                            ", 2016-5-31 18:05,转发,评论,9,iPhone 6s,Dy5RUm28r
406,"
                                                                                                    转发微博                                            ", 2016-5-31 15:51,转发,评论,4,iPhone 6 Plus,Dy4ZodZwz
407,"
                                                                                                    //@国网江苏电力: #六一儿童节#                                             ", 2016-5-31 15:51,转发,评论,1,iPhone 6 Plus,Dy4Zn1KiU
408,"
                                                                                                    【阜宁供电积极服务新能源项目建设】国网阜宁县供电公司为助力新能源项目建设，积极做好项目的前期咨询服务工作；开辟“绿色通道”，帮助项目缩短报装受理流程期限，并一律采取专人跟踪服务，确保为项目顺利开展和早日建成投产提供强有力的保障。此外，对于已并网的协鑫渔光互补发电、屋顶发电等6个规 ​​​​...展开全文c                                            ", 2016-5-31 12:46,4,评论,赞,iPhone 6s,Dy3MAsesC
409,"
                                                                                                    转发微博                                            ", 2016-5-31 09:18,转发,评论,赞,iPhone 6s,Dy2q9tU3r
410,"
                                                                                                    【建湖供电公司举行防汛模拟演练】5月30日，国网建湖县供电公司在输电、变电、检修三大专业领域全面开展防洪防汛应急演练，旨在检验抢修人员应对突发事件的反应速度和处置能力。@国网江苏电力 @电网头条 @国家电网报 @亮报 ​​​​                                            ", 2016-5-30 21:12,1,评论,1,iPhone 6s,DxXFnjRs0
411,"
                                                                                                    //@国网江苏电力:转发微博                                            ", 2016-5-30 20:18,转发,评论,赞,iPhone 6 Plus,DxXjruLjG
412,"
                                                                                                    转发微博                                            ", 2016-5-30 20:18,2,评论,4,iPhone 6 Plus,DxXjnkBFX
413,"
                                                                                                    //@国网江苏电力:转发微博                                            ", 2016-5-30 20:17,3,评论,1,iPhone 6 Plus,DxXj269QA
414,"
                                                                                                    //@国网江苏电力:转发微博                                            ", 2016-5-30 20:17,转发,评论,2,iPhone 6 Plus,DxXiVvJRn
415,"
                                                                                                    //@国网江苏电力:转发微博                                            ", 2016-5-30 20:17,转发,评论,4,iPhone 6 Plus,DxXiTtAeJ
416,"
                                                                                                    //@国网江苏电力:转发微博                                            ", 2016-5-30 20:17,转发,评论,1,iPhone 6 Plus,DxXiLcZfX
417,"
                                                                                                    //@国网江苏电力:转发微博                                            ", 2016-5-30 20:16,转发,评论,赞,iPhone 6 Plus,DxXiIhhhF
418,"
                                                                                                    【东台供电庆“六. 一”情系特困留守儿童】 5月30日，东台市供电公司时堰供电所“金海星”供电志愿者来到时堰镇后港社区小学看望结对的特困留守儿童陆智慧，为陆智慧选购课外阅读书籍和学习用品，还送去了牛奶、饼干等慰问食品，还与班主任交流陆智慧近期学习情况和生活情况，让陆智慧小朋友过上一个愉 ​​​​...展开全文c                                            ", 2016-5-30 13:57,8,评论,1,iPhone 6s,DxUOI2c06
419,"
                                                                                                    转发微博                                            ", 2016-5-30 08:48,转发,评论,赞,iPhone 6s,DxSNbEaPq
420,"
                                                                                                    转发微博                                            ", 2016-5-29 19:07,转发,评论,赞,iPhone 6s,DxNpSrbrp
421,"
                                                                                                    //@国网江苏电力://@常州供电公司:⭐️⭐️⭐️⭐️⭐️五星服务                                            ", 2016-5-29 16:32,1,评论,2,iPhone 6 Plus,DxMpgwNFQ
422,"
                                                                                                    //@国网江苏电力://@扬州供用电顾问:@国网江苏电力                                            ", 2016-5-29 16:32,转发,评论,2265,iPhone 6 Plus,DxMp9sK6q
423,"
                                                                                                    转发微博                                            ", 2016-5-29 16:32,转发,评论,2,iPhone 6 Plus,DxMp3xfpH
424,"
                                                                                                    作为女司机的小编表示不服，大家来战                                            ", 2016-5-28 17:30,转发,2,1219,iPhone 6s,DxDm7BzHb
425,"
                                                                                                    转发微博                                            ", 2016-5-28 12:27,转发,评论,3,iPhone 6s,DxBn62sAs
426,"
                                                                                                    转发微博                                            ", 2016-5-27 19:13,转发,评论,1,iPhone 6s,DxuBp4zFi
427,"
                                                                                                    【东台供电“迎峰度夏”服务生态种植 】5月27日，国网东台市供电公司三仓供电所员工来到东台三仓现代农业产业园--生态大棚种植基地，检查大棚种植的供电用电线路、开关箱及排风、施肥、恒温用电控制设备，保证生态大棚种植“迎峰度夏”安全供用电。@国网江苏电力 @国家电网报 @亮报 @电网头条 ​​​​                                            ", 2016-5-27 19:13,2,评论,赞,iPhone 6s,DxuBj9CMs
428,"
                                                                                                    【东台供电冒雨改造线路保证安全运行 】5月27日，国网东台市供电公司组织的20多名农电施工人员，冒雨突击维修改造头灶镇10千伏建设线68号杆支线路及加装熔断器，保证“迎峰度夏”线路电网安全运行。  @国网江苏电力 @电网头条 @国家电网报 @亮报 ​​​​                                            ", 2016-5-27 19:10,2,评论,赞,iPhone 6s,DxuAgmXYO
429,"
                                                                                                    #电力快讯#国网阜宁县供电公司益林供电所在辖区推广玻璃工艺品制作传动窑“煤改电”工艺，取代传统的煤炭加热流程，消除煤加热灰尘影响产品外观、实现恒温加热，产出比整整增加了150％。管辖的200家所玻璃工艺企业全部完成了技改，你说天能不更蓝吗？@国网江苏电力 @电网头条 @亮报 @国家电网报   ​​​​                                            ", 2016-5-27 19:08,2,评论,赞,iPhone 6s,DxuzirCsr
430,"
                                                                                                    //@国网江苏电力:想知道嘛，请来围观                                            ", 2016-5-27 18:13,转发,评论,2,iPhone 6 Plus,Dxud6Cnao
431,"
                                                                                                    //@国网江苏电力:国家电网公司首座扶贫光伏电站投入运行                                            ", 2016-5-27 18:13,转发,评论,52,iPhone 6 Plus,Dxud4ycnS
432,"
                                                                                                    //@国网江苏电力:转发微博                                            ", 2016-5-27 17:30,转发,评论,赞,iPhone 6s,DxtVy0DTd
433,"
                                                                                                    //@国网江苏电力:转发微博                                            ", 2016-5-27 17:30,转发,评论,1,iPhone 6s,DxtVweDWE
434,"
                                                                                                    //@国网江苏电力:转发微博                                            ", 2016-5-27 17:29,转发,评论,2,iPhone 6s,DxtVsFxTS
435,"
                                                                                                    转发微博                                            ", 2016-5-27 17:29,转发,评论,1,iPhone 6s,DxtVreOv7
436,"
                                                                                                     //@国网江苏电力:想知道嘛，请来围观                                            ", 2016-5-27 11:00,转发,评论,2,iPhone 6s,DxrnxzHVb
437,"
                                                                                                     //@国网江苏电力:国家电网公司首座扶贫光伏电站投入运行                                            ", 2016-5-27 11:00,转发,评论,52,iPhone 6s,Dxrnqr9yW
438,"
                                                                                                    //@国网江苏电力:转发微博                                            ", 2016-5-27 06:32,转发,评论,赞,iPhone 6s,DxpCBbOfx
439,"
                                                                                                    //@国网江苏电力:转发微博                                            ", 2016-5-26 23:02,转发,评论,1,iPhone 6s,DxmFXntrS
440,"
                                                                                                    转发微博                                            ", 2016-5-26 17:54,转发,评论,8,iPhone 6s,DxkEVay6M
441,"
                                                                                                    【阜宁供电“组合拳”推进迎峰度夏保供电】国网阜宁县供电公司在迎峰度夏保供电工作中，重点打出农网升级改造、台区达标、低电压整治等工程建设的“组合拳”，加强施工安全、技术、工艺、质量、进度等方面的全过程监管，提高突发故障的应急抢修能力，对所辖供电线路、设施进行“拉网式”巡视排查、消除 ​​​​...展开全文c                                            ", 2016-5-26 17:53,3,评论,赞,iPhone 6s,DxkEE1jgi
442,"
                                                                                                    #电力快讯#5月26日，国网东台市供电公司组织的10多名农电施工人员，冒雨突击迁移安装南沈灶镇泰山5台区200千伏安变压器及架设10千伏供电线路，加快农村电网升级，保证农民盛夏用电无忧。@国网江苏电力 @亮报 @国家电网报 @电网头条 ​​​​                                            ", 2016-5-26 17:51,3,1,1,iPhone 6s,DxkDSptPZ
443,"
                                                                                                    转发微博                                            ", 2016-5-26 16:12,转发,评论,1,iPhone 6 Plus,DxjZtwUzn
444,"
                                                                                                    转发微博                                            ", 2016-5-26 10:52,转发,评论,1,iPhone 6s,DxhTsdpgs
445,"
                                                                                                    //@国网江苏电力:转发微博                                            ", 2016-5-26 10:51,转发,评论,1,iPhone 6s,DxhTo6nPY
446,"
                                                                                                    转发微博                                            ", 2016-5-26 10:51,转发,评论,3,iPhone 6s,DxhTl9IWr
447,"
                                                                                                    转发微博                                            ", 2016-5-26 10:51,转发,评论,1,iPhone 6s,DxhTjCNef
448,"
                                                                                                    转发微博                                            ", 2016-5-26 10:51,转发,评论,4,iPhone 6s,DxhTg86nI
449,"
                                                                                                    转发微博                                            ", 2016-5-26 10:51,转发,评论,5,iPhone 6 Plus,DxhT4gwCw
450,"
                                                                                                    //@国网江苏电力:转发微博                                            ", 2016-5-26 10:12,转发,评论,1,iPhone 6s,DxhDitAzr
451,"
                                                                                                    转发微博                                            ", 2016-5-26 10:12,转发,评论,1,iPhone 6s,DxhDeDRo6
452,"
                                                                                                    转发微博                                            ", 2016-5-26 10:11,转发,评论,赞,iPhone 6s,DxhCXvOq2
453,"
                                                                                                    转发微博                                            ", 2016-5-26 09:19,转发,评论,赞,iPhone 6s,DxhhUmayR
454,"
                                                                                                    //@国网江苏电力:#两学一做# 学党章党规、学系列讲话，做合格党员                                            ", 2016-5-26 08:26,转发,评论,58,iPhone 6s,DxgWgw2fe
455,"
                                                                                                    转发微博                                            ", 2016-5-26 08:13,转发,评论,赞,iPhone 6 Plus,DxgR8hErH
456,"
                                                                                                    //@国网江苏电力:转发微博                                            ", 2016-5-26 08:13,转发,评论,1,iPhone 6 Plus,DxgR5kf2c
457,"
                                                                                                    转发微博                                            ", 2016-5-26 08:13,转发,评论,赞,iPhone 6 Plus,DxgR1sHgP
458,"
                                                                                                    //@国网江苏电力:#两学一做# 学党章党规、学系列讲话，做合格党员                                            ", 2016-5-26 08:13,转发,评论,58,iPhone 6 Plus,DxgQX3EIf
459,"
                                                                                                    【东台供电“迎峰度夏”倾情服务光伏大棚水产养殖基地】5月25日，国网东台市供电公司弶港供电所员工到东台沿海经济区昀汇光伏大棚水产养殖基地进行用电服务，向基地生产负责人详细了解并网变电设备运行情况、水产养殖用电需求及征询供用电意见，并针对“迎峰度夏”设备安全运行提出合理化安全建议，并 ​​​​...展开全文c                                            ", 2016-5-26 07:55,5,评论,1,iPhone 6s,DxgJEinM7
460,"
                                                                                                    //@国网江苏电力://@宿迁供电公司:@国网江苏电力 【安全宣传进校园】5月25日下午，国网泗阳县供电公司组织工作人员走进王集镇中心小学，为同学们上了一堂生动的用电安全课，并发放了安全宣传手册、安全用电插图笔记本，同学们纷纷表示深受教育，一定谨记安全用电常识。（陶冰峰、喻士军）                                            ", 2016-5-25 20:50,转发,评论,赞,iPhone 6s,DxcnWrxXZ
461,"
                                                                                                    //@国网江苏电力:转发微博                                            ", 2016-5-25 18:13,转发,评论,赞,iPhone 6s,DxbmbCo68
462,"
                                                                                                    【阜宁供电荡区技改彰显社会责任】5月25日，国网阜宁县供电公司公兴社区荡区农网改造现场如火如荼，施工人员加班加点务必确保养殖户与社区农民迎峰度夏期间充足用电和安全用电。荡区面积1.3万亩，无路无桥出行全部靠船，整个改造工程三分之二需在仅可一人通行的河梗上施工，施工难度与运力耗费巨大。5 ​​​​...展开全文c                                            ", 2016-5-25 18:11,2,评论,1,iPhone 6s,DxblrdhBf
463,"
                                                                                                    #电力快讯#5月25日，国网东台市供电公司组织10多名农电施工人员突击安装唐洋镇安建村14台区400千伏安变压器及架设10千伏供电线路，保证60多户居民及10多家养禽户盛夏可靠用电。@国网江苏电力 @电网头条 @亮报 @国家电网报 ​​​​                                            ", 2016-5-25 18:09,转发,评论,1,iPhone 6s,DxbkmtnkX
464,"
                                                                                                    @国网江苏电力:新一期《亮报》关注哪些内容？                                            ", 2016-5-25 14:48,转发,评论,1,iPhone 6 Plus,Dxa0MffOF
465,"
                                                                                                    转发微博                                            ", 2016-5-25 11:37,转发,评论,4,iPhone 6 Plus,Dx8Lllrl6
466,"
                                                                                                    拿快递的感觉就像跟失散多年的亲骨肉重逢，但常常拆开之后发现孩子长得像隔壁老王。跟小编一样，表示深有同感的来点赞@国网江苏电力 @电网头条 @亮报 @盐城人不知道的盐城事儿 ​​​​                                            ", 2016-5-25 10:07,转发,评论,1,iPhone 6s,Dx8aQcJZB
467,"
                                                                                                    转发微博                                            ", 2016-5-25 08:42,转发,评论,3187,iPhone 6 Plus,Dx7Cm2ayv
468,"
                                                                                                    【阜宁供电强化农村线路维护备战迎峰度夏】5月24日，国网阜宁县供电公司对该县陈良镇10千伏朝南线线路走廊进行汛期前安全隐患治理，该线路汛期易受灾区域，也是电力线路防护的重点部位。为切实保障迎峰度夏期间供电线路的安全通畅，该公司加强农村配电线路的施工改造和运行维护，通过提高主线路运行水 ​​​​...展开全文c                                            ", 2016-5-24 18:42,2,评论,赞,iPhone 6s,Dx27BvdQA
469,"
                                                                                                    【东台供电  “夏收”服务秸秆加工 共建生态家园】5月24日，国网东台市供电公司梁垛供电所员工到梁垛镇殷河秸秆加工场检查秸秆输送 液压、打包等用电设备的控制装置和供电线路，保证“夏收”秸秆加工正常安全用电。@国网江苏电力 @亮报 @国家电网报 @电网头条 ​​​​                                            ", 2016-5-24 18:42,1,评论,赞,iPhone 6s,Dx27vyZTh
470,"
                                                                                                    【阜宁供电强化农村线路维护备战迎峰度夏】5月24日，国网阜宁县供电公司对该县陈良镇10千伏朝南线线路走廊进行汛期前安全隐患治理，该线路汛期易受灾区域，也是电力线路防护的重点部位。为切实保障迎峰度夏期间供电线路的安全通畅，该公司加强农村配电线路的施工改造和运行维护，通过提高主线路运行水 ​​​​...展开全文c                                            ", 2016-5-24 18:41,转发,评论,赞,iPhone 6s,Dx26S3uvV
471,"
                                                                                                    转发微博                                            ", 2016-5-24 17:15,转发,评论,1,iPhone 6 Plus,Dx1y2zaJb
472,"
                                                                                                    转发微博                                            ", 2016-5-24 17:15,转发,评论,3,iPhone 6 Plus,Dx1xXcTkK
473,"
                                                                                                    转发微博                                            ", 2016-5-24 15:24,-1,评论,赞,iPhone 6 Plus,Dx0PelbSm
474,"
                                                                                                    转发微博                                            ", 2016-5-24 11:06,转发,评论,1,iPhone 6 Plus,DwZ8av9ZO
475,"
                                                                                                    转发微博                                            ", 2016-5-24 11:05,转发,评论,赞,iPhone 6 Plus,DwZ87h1En
476,"
                                                                                                    //@国网江苏电力:转发微博                                            ", 2016-5-24 10:19,转发,评论,赞,iPhone 6s,DwYPf5RFq
477,"
                                                                                                    转发微博                                            ", 2016-5-24 10:19,转发,评论,2,iPhone 6s,DwYPaEqHi
478,"
                                                                                                    #电力快讯#5月23日22时，国网滨海县供电公司4个部门通力合作，11个外协单位近200人现场变电输电农配网综合会战施工，连续奋战27个小时，确保了陆集变电站大修投运，为2016迎峰度夏再添保险。@国网江苏电力 @亮报 @国家电网报 @电网头条 ​​​​                                            ", 2016-5-23 21:24,转发,评论,赞,iPhone 6s,DwTKLoIwi
479,"
                                                                                                    【东台供电保证分布式光伏电站夏季正常发电】5月23日，国网东台市供电公司安丰供电所员工来到安丰镇东旭村丁怀根家，检查分布式并网发电的电池板连接线、电池板防雷保护接地线、光伏发电计量及逆变控制箱，并向丁怀根讲解夏季防雷安全注意事项，保证丁怀根的家庭光伏发电夏季正常安全发电。@国网江苏电 ​​​​...展开全文c                                            ", 2016-5-23 19:05,转发,评论,赞,iPhone 6s,DwSQeviZ8
480,"
                                                                                                    【阜宁供电联合执法检查废旧金属回收站】 5月23日，阜宁县供电公司联合县经信委、县公安局对县城废品回收站进行突击检查，进一步规范废旧回收，堵塞销赃渠道，预防和打击涉电违法行为。联合执法组突击检查了6个大型废品回收站，对在现场发现的废旧电线电缆、变压器、电力塔材进行仔细检查。检查人员要 ​​​​...展开全文c                                            ", 2016-5-23 19:02,4,评论,赞,iPhone 6s,DwSP8hhQY
481,"
                                                                                                    转发微博                                            ", 2016-5-23 16:53,转发,评论,2,iPhone 6 Plus,DwRYAarMI
482,"
                                                                                                    转发微博                                            ", 2016-5-23 16:18,转发,评论,1,iPhone 6 Plus,DwRKvgPQq
483,"
                                                                                                    转发微博                                            ", 2016-5-23 16:18,转发,评论,2,iPhone 6 Plus,DwRKqgjyW
484,"
                                                                                                    转发微博                                            ", 2016-5-23 16:18,转发,评论,1,iPhone 6 Plus,DwRKlyB1m
485,"
                                                                                                    //@国网江苏电力:转发微博                                            ", 2016-5-23 16:17,转发,评论,1,iPhone 6 Plus,DwRKc64CP
486,"
                                                                                                    转发微博                                            ", 2016-5-22 10:22,1,评论,4,iPhone 6 Plus,DwFZy65ku
487,"
                                                                                                    【滨海供电积极推进农灌“机改电”工程】5月19日下午，江苏滨海县天场镇绿杨村2台区农灌的“机改电”工程顺利通电出水。这是滨海县供电公司新一轮农网改造升级中竣工的首个“机改电”工程，可解决365亩农田灌溉问题。该公司计划用两年时间完成全县农田灌溉“机改电”工程，实现“机改电”项目全覆盖。 ​​​​                                            ", 2016-5-22 06:45,7,1,3,iPhone 6s,DwEzpzp8C
488,"
                                                                                                    转发微博                                            ", 2016-5-21 16:22,转发,评论,1,iPhone 6 Plus,DwyV109eM
489,"
                                                                                                    转发微博                                            ", 2016-5-21 11:41,转发,评论,2,iPhone 6 Plus,Dwx4UC4tx
490,"
                                                                                                    【东台供电技改五烈变刀闸 备战迎峰度夏】5月20日，国网东台市供电公司组织20多名变电检修人员，突击技改更换35千伏五烈变电站隔离负荷刀闸，确保迎峰度夏五烈变电站正常安全运行，保证五烈镇区居民、企业盛夏正常用电。@电网头条 @国家电网报 @亮报 @国网江苏电力 ​​​​                                            ", 2016-5-21 04:45,转发,评论,2,iPhone 6s,DwumlC54k
491,"
                                                                                                    //@国网江苏电力:#520#  520和心仪的女神约会时突遇停电肿么办，快来看看这位小哥......  @电网头条 @国网江苏电力95598 @微博江苏 @江苏身边事 @国资小新                                            ", 2016-5-20 23:45,转发,评论,8,iPhone 6 Plus,DwsopuJPo
492,"
                                                                                                    转发微博                                            ", 2016-5-20 09:14,转发,评论,赞,iPhone 6 Plus,DwmH1A8OF
493,"
                                                                                                    转发微博                                            ", 2016-5-19 16:53,转发,评论,2,iPhone 6 Plus,DwggG8Aev
494,"
                                                                                                    转发微博                                            ", 2016-5-19 15:21,转发,评论,赞,iPhone 6 Plus,DwfFvhJ2S
495,"
                                                                                                    转发微博                                            ", 2016-5-19 15:21,转发,评论,2,iPhone 6 Plus,DwfFpnWpd
496,"
                                                                                                    转发微博                                            ", 2016-5-19 15:21,转发,评论,8,iPhone 6 Plus,DwfFdbRit
497,"
                                                                                                    转发微博                                            ", 2016-5-19 08:56,转发,评论,1,iPhone 6 Plus,Dwd98rfyc
498,"
                                                                                                    转发微博                                            ", 2016-5-19 08:56,转发,评论,4,iPhone 6 Plus,Dwd92fwtM
499,"
                                                                                                    转发微博                                            ", 2016-5-18 16:08,转发,评论,3,iPhone 6 Plus,Dw6xLcJSD
500,"
                                                                                                    转发微博                                            ", 2016-5-18 16:07,转发,评论,3,iPhone 6 Plus,Dw6xF0heP
501,"
                                                                                                    转发微博                                            ", 2016-5-18 16:07,转发,评论,2,iPhone 6 Plus,Dw6xysFYZ
502,"
                                                                                                    【大丰公司改造城网保障居民夏季用电】夏季用电高峰即将到来，盐城市大丰区供电公司以提高城配网供电能力，解决过负荷、低电压等现象为重点，加快了增容改造工作力度，为全市居民夏季生产生活正常用电提供可靠保障。图为施工人员正在10千伏水东线单回线改双回线。@国网江苏电力 @国家电网报 @亮报  ​​​​...展开全文c                                            ", 2016-5-18 13:35,转发,评论,1,iPhone 6s,Dw5xZjuA0
503,"
                                                                                                    【东台供电 “电力科普” 进校园】5月18日, 国网东台市供电公司时堰供电所员工来到时堰镇后港社区小学，利用图文并茂的展板向学生们科普安全用电、智能用电、绿色电能、电力设施保护等电力知识，并与学生们进行了“电力知识”互动抢答，还发送了图文并茂的“电力知识。@国网江苏电力 @电网头条 @亮报  ​​​​...展开全文c                                            ", 2016-5-18 13:34,1,评论,赞,iPhone 6s,Dw5xo3WsP
504,"
                                                                                                    转发微博                                            ", 2016-5-18 12:02,转发,评论,1,iPhone 6 Plus,Dw4W5fURX
505,"
                                                                                                    转发微博                                            ", 2016-5-18 12:02,转发,评论,6,iPhone 6 Plus,Dw4W0eIpw
506,"
                                                                                                    转发微博                                            ", 2016-5-18 12:01,转发,评论,1,iPhone 6 Plus,Dw4VybbVz
507,"
                                                                                                    【大丰供电加快技改助力夏收夏种】5月16日，国网盐城市大丰区供电公司员工正在35千白驹变电站进行技术改造。“三夏”来临，为确保农村电网安全可靠供电，近期该公司组织技术力量对全区33座变电站进行设备改造，及时排除隐患，为农民夏收夏种提供可靠的电力支撑。@国网江苏电力 @电网头条 @国家电网报  ​​​​...展开全文c                                            ", 2016-5-17 18:29,1,评论,赞,iPhone 6s,DvY2Aw0mn
508,"
                                                                                                    【东台供电增加变压器保居民盛夏可靠用电】5月17日，国网东台市供电公司组织的10多名施工人员，在东台市区金海康城突击新增安装1台630千伏安的8号厢式变压器，同时对7号厢式变压器容量进行分割，保障原接在7号厢式变压器下的150多户居民盛夏可靠用电。@国网江苏电力 @电网头条 @亮报 @国家电网报 ​​​​                                            ", 2016-5-17 13:07,1,评论,赞,iPhone 6s,DvVVNl4G7
509,"
                                                                                                    转发微博                                            ", 2016-5-17 13:06,-1,评论,赞,iPhone 6 Plus,DvVVH6bwH
510,"
                                                                                                    转发微博                                            ", 2016-5-17 09:24,转发,评论,3,iPhone 6 Plus,DvUtoasjU
511,"
                                                                                                    转发微博                                            ", 2016-5-17 09:24,1,评论,1,iPhone 6 Plus,DvUtkBl90
512,"
                                                                                                    你能用好你所拥有的每一分钟，就是对自己最好的珍重。晚安@国网江苏电力 @电网头条 @国家电网报 @亮报 @书香苏电 ​​​​                                            ", 2016-5-16 22:31,4,评论,赞,iPhone 6s,DvQcBb3BP
513,"
                                                                                                    【东台供电现场为福利院办理光伏并网申请】5月16日，国网东台市供电公司“流动营业厅”走进东台市福利院和时堰镇后港社区福利院，现场办理分布式光伏发电并网业务申请及确定并网接入方案，为两福利院分布式光伏发电顺利并网发电创造了条件。@国网江苏电力 @电网头条 @国家电网报 @亮报 ​​​​                                            ", 2016-5-16 22:24,1,评论,赞,iPhone 6s,DvQ9xd9jK
514,"
                                                                                                    #电力快讯#国网射阳县供电公司射阳运维站输电线路运检班工作人员在巡视35千伏新洋港线工作中，周围群众反映45号杆周围在当日早晨曾发出剧烈的放电声。巡视人员使用望远镜对该杆周围线路进行认真检查，未发现缺陷，即使用该公司无人机进行巡视，无人机在该线路46号杆横担绝缘子上方，在地面巡视人员的视 ​​​​...展开全文c                                            ", 2016-5-16 22:22,2,评论,1,iPhone 6s,DvQ8O0Kvy
515,"
                                                                                                    一本《傅雷家书》写尽充满父爱的教子名篇，一本《曾国藩家书》在平淡家常中蕴育真知良言，一位大学教授给女儿的一封信，更是打动了千万父母。“洛阳城里见秋风，欲作家书意万重”。一封封家书承载的不仅仅是一份份浓厚的爱，更是在千百年积淀中成为了一种浓重的文化图腾。国网盐城供电公司女职工国际家 ​​​​...展开全文c                                            ", 2016-5-16 16:31,4,1,3,iPhone 6s,DvNQpil76
516,"
                                                                                                    【滨海供电组织农电员工“爱心捐款”】5月14日上午，江苏滨海县供电公司工会一行3人带着670名农电员工的爱心，来到陈涛供电所员工李为进的家，小心翼翼的将75400元钱爱心捐款放到李为进儿子的病床头，祝他早日战胜病魔，上演了一幕大爱无疆、情满供电的人间真情。@国网江苏电力 @电网头条 @亮报  ​​​​...展开全文c                                            ", 2016-5-16 16:01,转发,评论,2,iPhone 6s,DvNDWySa2
517,"
                                                                                                    //@国网江苏电力:很抱歉，由于没有转发用户符合抽奖规则，本次活动无中奖用户。官方@微博抽奖平台 鉴定结果公正有效。欢迎大家从抽奖结果页中查看抽奖规则，以示监督。O微博抽奖平台                                            ", 2016-5-16 15:36,转发,评论,2,iPhone 6 Plus,DvNu7xUJx
518,"
                                                                                                    转发微博                                            ", 2016-5-16 15:32,转发,评论,赞,iPhone 6 Plus,DvNstjeWg
519,"
                                                                                                    转发微博                                            ", 2016-5-16 15:32,转发,评论,赞,iPhone 6 Plus,DvNsiEo3l
520,"
                                                                                                    转发微博                                            ", 2016-5-16 15:31,转发,评论,3,iPhone 6 Plus,DvNs2880c
521,"
                                                                                                    转发微博                                            ", 2016-5-16 15:31,转发,评论,赞,iPhone 6 Plus,DvNrVjY9p
522,"
                                                                                                    【东台供电让残疾人盛夏用上安全电】5月14日，国网东台供电公司新街供电所员工到新街镇九总村残疾人王田玉养殖场进行“安全助残”用电服务活动，为王田玉养殖场检查维修供电线路、用电控制设备，保证养殖场“迎峰度夏”安全用电。@国网江苏电力 @电网头条 @亮报 @国家电网报 ​​​​                                            ", 2016-5-16 13:28,4,评论,1,iPhone 6s,DvME5mIaG
523,"
                                                                                                    【东台供电加快改造农网 优化农村用电环境】5月14日，国网东台市供电公司组织10多名施工人员突击安装新街镇葛墩村15台区400千伏安变压器及架设10千伏线路，保证70多户居民及10多家养殖户盛夏可靠用电。@国网江苏电力 @电网头条 @亮报 @国家电网报 ​​​​                                            ", 2016-5-16 13:25,6,评论,1,iPhone 6s,DvMCTcdAN
524,"
                                                                                                    转发微博                                            ", 2016-5-16 09:21,转发,评论,5,iPhone 6 Plus,DvL1RbkjS
525,"
                                                                                                    转发微博                                            ", 2016-5-16 09:21,-1,评论,赞,iPhone 6 Plus,DvL1KFQ3m
526,"
                                                                                                    转发微博                                            ", 2016-5-16 09:19,转发,评论,2,iPhone 6 Plus,DvL14plVU
527,"
                                                                                                    转发微博                                            ", 2016-5-15 20:42,转发,评论,2,iPhone 6 Plus,DvG3DDBta
528,"
                                                                                                    转发微博                                            ", 2016-5-14 23:43,转发,评论,1,iPhone 6 Plus,DvxOMebKf
529,"
                                                                                                    【东台供电主动做好过境电力线路设施保护工作】5月13日, 国网泰州供电公司检修分公司姜堰运维站与东台市溱东镇夏龙村境内新建的江苏高策农业生态园愉快签订了电力设施保护安全协议书, 为姜堰110千伏沈湖线安全运行及高策农业生态园安全建设提供了保障。东台市供电公司溱东供电所还主动向高策农业生态园 ​​​​...展开全文c                                            ", 2016-5-14 08:51,2,评论,2,iPhone 6s,DvrYp4Hkv
530,"
                                                                                                    【东台供电“防灾减灾”到特高压沿线宣传电力设施保护  】5月12日为“全国防灾减灾日”。国网东台市供电公司富安供电所员工来到1000千伏“淮上线”特高压沿线的东台市富安镇梁一村田头，向采摘桑叶的农民进行“电力设施保护条例”宣传，提醒农民不要在特高压沿线防护区内放风筝及做其它危害电力设施的 ​​​​...展开全文c                                            ", 2016-5-13 10:34,1,评论,赞,iPhone 6s,Dvje3vHjC
531,"
                                                                                                    @国网江苏电力 @亮报 @电网头条 @国家电网报                                            ", 2016-5-12 21:38,转发,评论,赞,iPhone 6s,Dve93x1al
532,"
                                                                                                    #电力快讯#5月12日上午，射阳县城沿河路，射阳县供电公司工作人员在10千伏城中线下砍伐、修剪可能影响电力线路安全运行的树木。为确保迎峰度夏期间电网安全稳定，前期，该公司对全县电力线路和配农网设备进行全方位的巡视、检查，根据检查发现的安全隐患制定了消缺方案。根据方案规定的时间节点和质量 ​​​​...展开全文c                                            ", 2016-5-12 11:05,4,评论,赞,iPhone 6s,Dv9ZSeu1V
533,"
                                                                                                    #电力快讯# 5月11日，国网滨海县供电公司正式为该县环洋浴室新上电锅炉进行装表接电，并对配电设备进行运行调试。该公司紧紧抓住国家能源消费变革和防治大气污染的有利时机，进一步推动锅炉“煤改电”工作。3月份当得知县城环洋浴室要对烧煤锅炉进行升级改造时，主动多次上门宣传使用电锅炉的好处和供 ​​​​...展开全文c                                            ", 2016-5-12 11:04,3,评论,赞,iPhone 6s,Dv9ZmjpTT
534,"
                                                                                                    转发微博                                            ", 2016-5-12 10:41,转发,评论,2,iPhone 6 Plus,Dv9QdhPyG
535,"
                                                                                                    转发微博                                            ", 2016-5-12 10:41,转发,评论,赞,iPhone 6 Plus,Dv9Q7BLG1
536,"
                                                                                                    【东台供电加快升级农网提高农村供电质量】5月10日，国网东台市供电公司组织两支施工队的20多名施工人员突击安装许河镇三总村3台区400千伏安变压器及架设10千伏线路，保证60多户居民及10多家养禽户盛夏可靠用电。@国网江苏电力 @电网头条 @亮报 @国家电网报 ​​​​                                            ", 2016-5-12 00:23,6,评论,2,iPhone 6s,Dv5NlpwsY
537,"
                                                                                                    【东台供电科普电力知识 预防电力事故发生】5月10日，国网东台市供电公司南沈灶供电所员工在该镇农工商超市门前用图文并茂的展板，向农民们宣传讲解电力安全、电力设施保护知识，电力系统突发事件的特点、危害及电气火灾自救互救常识，向农民们发送图文并茂的电力安全知识宣传资料及扇子、圆珠笔等，让 ​​​​...展开全文c                                            ", 2016-5-10 19:56,转发,评论,1,iPhone 6s,DuUCGqPP5
538,"
                                                                                                    【阜宁供电延伸服务保障农产品加工企业用电】5月10日，国网阜宁县供电公司员工对三灶镇一家花生炒制坊的线路和设备进行安全检查，及时对私拉乱接的线路进行了规范。该公司组织人员对各辖区内从事农产品加工的小企业、小作坊上门走访，了解其生产加工情况和用电需求；鉴于小企业、小作坊属于季节性生产 ​​​​...展开全文c                                            ", 2016-5-10 19:32,转发,评论,1,iPhone 6s,DuUsSfV5D
539,"
                                                                                                    转发微博                                            ", 2016-5-10 17:33,转发,评论,5,iPhone 6 Plus,DuTGtfZwG
540,"
                                                                                                    【大丰供电紧锣密鼓备战防汛】连日来，国网盐城市大丰区供电公司组织技术人员对斗龙、川东等泄洪水闸的用电设备进行检查，确保防汛用电设备始终处于良好的备用状态。入春以来，大丰市公司紧锣密鼓地做好防汛准备工作。重新修订了防汛抗旱应急预案，成立了防汛抗旱工作领导小组，建立了防汛抗旱联动工作 ​​​​...展开全文c                                            ", 2016-5-9 21:14,4,评论,赞,iPhone 6s,DuLHIdzUE
541,"
                                                                                                    【东台供电保障农民夏粮收烘用电】 5月9日，国网东台市供电公司四灶供电所员工来到东台镇四灶社区标丰家庭农场收烘场所，检查维修供电线路及夏粮收烘用电设备，保证标丰家庭农场夏粮收烘正常用电。@国网江苏电力 @电网头条 @国家电网报 @亮报 ​​​​                                            ", 2016-5-9 21:12,1,评论,赞,iPhone 6s,DuLH3tfMH
542,"
                                                                                                    转发微博                                            ", 2016-5-9 20:29,转发,评论,2,iPhone 6 Plus,DuLpmC9RW
543,"
                                                                                                    转发微博                                            ", 2016-5-9 20:29,转发,评论,赞,iPhone 6 Plus,DuLpeBI5d
544,"
                                                                                                    转发微博                                            ", 2016-5-9 20:28,转发,评论,4,iPhone 6 Plus,DuLp6DVxn
545,"
                                                                                                    【东台供电“母亲节”.情暖“五保妈妈”】5月8日，东台市供电公司时堰供电所“金海星”共产党员服务志愿者来到时堰镇后港社区敬老院,亲情陪伴“五保妈妈”进行户外锻炼,让五保妈妈们“母亲节”快乐。@国网江苏电力 @电网头条 @亮报 @国家电网报 @中国电力报 ​​​​                                            ", 2016-5-8 21:37,转发,评论,1,iPhone 6s,DuCqCmyaX
546,"
                                                                                                    //@国网江苏电力:@亮报 @国家电网报 @电网头条 @国网江苏电力95598 @国家电网报手机报                                            ", 2016-5-8 10:07,转发,评论,2,iPhone 6s,DuxUeAc0o
547,"
                                                                                                    转发微博                                            ", 2016-5-8 09:45,转发,评论,1,iPhone 6 Plus,DuxLj9uBP
548,"
                                                                                                    转发微博                                            ", 2016-5-8 09:44,转发,评论,2,iPhone 6 Plus,DuxL5yj53
549,"
                                                                                                    转发微博                                            ", 2016-5-8 09:41,转发,评论,赞,iPhone 6 Plus,DuxJW1TWx
550,"
                                                                                                    //@淮安供电:转发微博                                            ", 2016-5-8 09:41,转发,评论,赞,iPhone 6 Plus,DuxJMjIeK
551,"
                                                                                                    转发微博                                            ", 2016-5-8 09:38,转发,评论,2,iPhone 6 Plus,DuxIRzolL
552,"
                                                                                                    【阜宁供电优化服务为养殖业发展添力】5月7日，阜宁县供电公司党员服务队利用周末时间到稻香园生态家禽饲养场进行义务维修，他们通过不断优化服务流程助力养殖户安全用电、充足用电。@国网江苏电力 @电网头条 @亮报 @国家电网报 ​​​​                                            ", 2016-5-8 08:02,1,评论,赞,iPhone 6s,Dux5KbPhp
553,"
                                                                                                    转发微博                                            ", 2016-5-7 20:33,转发,评论,1,iPhone 6 Plus,DusA50XQd
554,"
                                                                                                    转发微博                                            ", 2016-5-7 16:59,转发,评论,2,iPhone 6 Plus,DurbeeQPU
555,"
                                                                                                    转发微博                                            ", 2016-5-7 16:59,转发,评论,赞,iPhone 6 Plus,Durb9sTAV
556,"
                                                                                                    【东台供电保障分布式光伏电站夏季正常发电】5月7日，国网东台市供电公司东台供电所“金海星”共产党员服务队到东台镇三灶社区王杰芳家，检查并网发电的电池板连接线、电池板防雷保护接地线、光伏发电计量及逆变控制箱，保证家庭光伏发电夏季正常安全发电。“立夏”过后，进入雷雨季节。东台市供电公司 ​​​​...展开全文c                                            ", 2016-5-7 13:23,2,评论,赞,iPhone 6s,DupLG3Xlr
557,"
                                                                                                    【大丰供电加快电网智能化改造备战迎峰度夏】5月6日，国网盐城市大丰区供电公司施工人员正在10千伏南苑线开关柜进行智能化改造。为保证居民用电安全度夏，该公司全面进行农网升级发改造，安装智能化开关45台，增强夏季供电能力与供电可靠。@国网江苏电力 @电网头条 @亮报 @国家电网报 ​​​​                                            ", 2016-5-6 17:59,转发,评论,赞,iPhone 6s,Dui9dzy8k
558,"
                                                                                                    【东台供电加快升级农网  保障农民盛夏用电】5月6日，国网东台市供电公司10多名施工人员紧张安装五烈镇祖泽村6台区400千伏安变压器，保证70多户居民及10多家小微企业盛夏可靠用电。国网东台市供电公司全面加快推进农网改造升级工程，抢抓天气良好的施工黄金季节，组织320多名施工人员对农村供电质量差 ​​​​...展开全文c                                            ", 2016-5-6 17:56,转发,评论,1,iPhone 6s,Dui7R65nj
559,"
                                                                                                    【电网增容改造备战迎峰度夏】5月6日，国网射阳县供电公司在10千伏合闸线44号杆实施新三村1号配变增容项目，将原有的315千伏安变压器更换成400千伏安，确保周边居民迎峰度夏期间用电可靠、电能优质。@国网江苏电力 @电网头条 @亮报 @国家电网报 ​​​​                                            ", 2016-5-6 17:53,转发,评论,赞,iPhone 6s,Dui6t6ltZ
560,"
                                                                                                    继续猜，猜中有奖哦                                            ", 2016-5-6 16:21,转发,评论,2,iPhone 6s,Duhv7CQzG
561,"
                                                                                                    转发微博                                            ", 2016-5-6 16:16,转发,1,1,iPhone 6 Plus,Duhtgn8mO
562,"
                                                                                                    大家来参加                                            ", 2016-5-6 13:53,1,评论,2,iPhone 6s,DugxesapW
563,"
                                                                                                    【响水县供电安全宣传进课堂】5月4日，响水县黄圩镇云梯关教学点内爱心飞扬，笑语不断。国网响水县供电公司青年志愿者利用漫画、宣传画册向孩子们宣传“电力保护、安全用电、节约用电”知识。并为孩子们送上精挑细选科普、文学、故事、励志类图书100余册。@国网江苏电力 @电网头条 @国家电网报 @亮报 ​​​​                                            ", 2016-5-6 12:54,转发,评论,赞,360安全浏览器,Dug942XcD
564,"
                                                                                                    【响水供电文明礼仪小课堂走进云梯关留守儿童】5月4日下午，国网响水县供电公司青年志愿者一行3人将文明礼仪小课堂走进了黄圩镇云梯关教学点。活动中，志愿者们通过情景演示、动作分解，用通俗易懂的语言，从着装、谈吐、举止、及在家庭、学校、公共场所的交往礼仪等方面帮助留守儿童们了解文明礼仪基 ​​​​...展开全文c                                            ", 2016-5-6 12:52,转发,评论,赞,360安全浏览器,Dug8iq7lU
565,"
                                                                                                    【东台供电加快升级城网 备战迎峰度夏】5月5日，国网东台市供电公司组织的10多名施工人员，突击将东台市老城区朝阳新村7号楼原200千伏安变压器更换成400千伏安变压器，确保接在该变压器下的60多户居民盛夏可靠用电。国网东台市供电公司抢抓天气良好的黄金季节，全面加快改造升级老城区电网，组织50多名 ​​​​...展开全文c                                            ", 2016-5-6 08:58,2,评论,赞,iPhone 6s,DueBrA83K
566,"
                                                                                                    转发微博                                            ", 2016-5-6 08:21,转发,评论,1,iPhone 6 Plus,DuemdrGDr
567,"
                                                                                                    转发微博                                            ", 2016-5-6 08:20,转发,评论,1,iPhone 6 Plus,Duem8av1C
568,"
                                                                                                    转发微博                                            ", 2016-5-5 22:54,转发,评论,2,iPhone 6 Plus,DuaE9ugFw
569,"
                                                                                                    转发微博                                            ", 2016-5-5 22:53,转发,评论,18,iPhone 6 Plus,DuaDVhQ0E
570,"
                                                                                                    五一期间他们在做什么？@国网江苏电力 @电网头条 @亮报 @国家电网报 O五一期间，他们在干什么？ ​​​​                                            ", 2016-5-5 21:46,1,1,1,iPhone 6s,DuacPrSaL
571,"
                                                                                                    【阜宁供电竭力服务农民水产养殖】5月5日，阜宁县供电公司党员服务队来到该县沟墩镇对各水产养殖户进行登门服务。近1个月是当地南美白对虾出水的关键阶段，今年沟墩镇预计80吨成品虾将陆续出水，销往全国，经济效益相当可观。虾类对水质极其敏感，养殖难度大，对氧气的要求也特别高，必须保证24小时不 ​​​​...展开全文c                                            ", 2016-5-5 21:35,2,评论,赞,iPhone 6s,Dua8dpPww
572,"
                                                                                                    转发微博                                            ", 2016-5-5 15:28,转发,评论,赞,iPhone 6 Plus,Du7J4xVPI
573,"
                                                                                                    转发微博                                            ", 2016-5-5 08:17,转发,评论,3,iPhone 6 Plus,Du4UcBQte
574,"
                                                                                                    【东台供电“金海星” 倾情服务“家庭军史馆”】5月4日，国网东台市供电公司弶港供电所“金海星”青年志愿者来到东台市弶港镇崔广明“家庭军史馆”，帮助检查维修供电线路电、风扇、开关插座，向崔广明了解“家庭军史馆”用电需求,保证“家庭军史馆”盛夏高温期间正常用电,为接受红色教育提供可靠的用 ​​​​...展开全文c                                            ", 2016-5-5 06:36,1,评论,赞,iPhone 6s,Du4facrdP
575,"
                                                                                                    5月4日上午，射阳县供电公司团委组织团员青年开展为期半天的拓展训练，创设的种种场景帮助青年突破自我、增进沟通、融入团队。当日下午，团员青年们在该公司青年活动基地开展“微论坛”活动。丰富多彩的活动助力青年员工成长成才，推动工作进步。@电网头条 @国网江苏电力 @亮报 @国家电网报 ​​​​                                            ", 2016-5-4 19:02,1,评论,赞,iPhone 6s,DtZHM4DEq
576,"
                                                                                                    【建湖供电组织员工开展拓展训练庆“五·四”】5月4日，国网建湖县供电公司以“扬五四精神，展建电风采”为主题组织30多名青年员工开展洋溢青春气息的拓展训练活动，过程既惊心动魄，又回味无穷，大家收获颇丰，相互增进了了解，磨砺了意志，更锤炼了团队协作精神。@国网江苏电力 @电网头条 @国家电网报 ​​​​...展开全文c                                            ", 2016-5-4 19:01,1,评论,1,iPhone 6s,DtZHhBpN2
577,"
                                                                                                    【阜宁供电“差异化”服务助力中小企业生产】 5月4日，阜宁县供电公司青年服务队员们来到新凯预涂膜科技股份有限公司进行“差异化”上门服务。该公司青年服务队根据中小企业客户报装容量、用电量、电压质量等提供不同的服务，为其开辟“绿色通道”，以“客户逻辑”差异服务之策，充分发挥“窗口效应” ​​​​...展开全文c                                            ", 2016-5-4 19:00,2,评论,1,iPhone 6s,DtZGFaTWo
578,"
                                                                                                    转发微博                                            ", 2016-5-4 15:22,转发,评论,3,iPhone 6 Plus,DtYg6DGPH
579,"
                                                                                                    转发微博                                            ", 2016-5-4 15:21,转发,评论,1,iPhone 6 Plus,DtYfZwKWa
580,"
                                                                                                    【东台供电青年志愿者情系特困儿童 庆“5.4”】5月2日，国网东台市供电公司头灶供电所“金海星”青年志愿者，冒雨到头灶镇徐灶村亲情陪伴结对的特困儿童王颖，送去牛奶、饼干等慰问品，还为王颖选购课外阅读书籍和学习用品，辅导检查王颖的假日课外作业，志愿者们以实际行动弘扬“5.4” 精神，庆祝“5. ​​​​...展开全文c                                            ", 2016-5-4 12:46,转发,评论,赞,iPhone 6s,DtXeVkdZu
581,"
                                                                                                    转发微博                                            ", 2016-5-4 09:23,转发,评论,1,iPhone 6 Plus,DtVUMbm5M
582,"
                                                                                                    转发微博                                            ", 2016-5-3 16:42,转发,评论,2,iPhone 6 Plus,DtPmbs3WC
583,"
                                                                                                    转发微博                                            ", 2016-5-3 16:42,转发,评论,3,iPhone 6 Plus,DtPm7BuHU
584,"
                                                                                                    “五一小长假”我没有感受到第四个字就要上班了                                            ", 2016-5-3 07:02,转发,评论,708,iPhone 6s,DtLyUvVLX
585,"
                                                                                                    “五一”小长假，盐城国家级珍禽保护区迎来了客流高峰。5月1日下午，射阳县供电公司员工在该保护区检查用电设备，确保用电安全可靠。@国网江苏电力 @电网头条 @亮报 @国家电网报 ​​​​                                            ", 2016-5-1 19:51,1,评论,赞,iPhone 6s,DtxJVeGcj
586,"
                                                                                                    【盐城公司员工节日检修设备保客户正常供电】5月1日，盐城供电公司员工正在110千伏合兴变进行设备停电检修，利用众多企业节日休息的间隙检修供电设备，确保企业生产正常供电。110千伏合兴变位于盐城市经济技术开发区境内，负责周边东风悦达起亚汽车有限公司及一批配套厂家的供电任务，为不影响这些企业 ​​​​...展开全文c                                            ", 2016-5-1 19:50,转发,1,赞,iPhone 6s,DtxJtrWDS
587,"
                                                                                                    【东台供电“金海星”劳动光荣庆祝“5.1”】“5.1”劳动节假日期间，东台市供电公司基层各供电所“金海星”共产党员服务队以劳动光荣、最美，庆祝“5.1国际劳动节”。主玏到乡村旅游景点、生产企业、生态农业等用电场所开展安全用电服务活动，讲解电力安全用电知识，巡检供用电线路，及时消除安全隐患 ​​​​...展开全文c                                            ", 2016-5-1 19:48,2,评论,赞,iPhone 6s,DtxIFwoW4
588,"
                                                                                                    转发微博                                            ", 2016-5-1 12:15,转发,评论,5,iPhone 6 Plus,DtuL131Rn
589,"
                                                                                                    【加快电网升级 保障农民用电】4月30日，国网东台市供电公司10多名施工人员突击安装时堰镇建东村10台区200千伏安变压器，保证60多户居民盛夏可靠用电。五一小长假，该公司 320多名施工人员，放弃假日休息，抢抓天气良好的黄金季节，加快改造升级农村电网，对农村供电质量差的线路和配变进行改造消缺及 ​​​​...展开全文c                                            ", 2016-5-1 00:53,1,评论,赞,iPhone 6 Plus,Dtqi9068h
